segname PROD -- Pep contact Map : frame 1
  --   1   2   3   4   5   6   7   8   9
  --   S   L   F   N   T   I   A   V   L
   R 0.0 0.0 0.0 0.5 2.0 0.0 0.0 0.0 0.0
   H 0.0 0.0 0.0 0.0 0.0 0.0 0.0 0.0 0.0
   K 0.0 0.0 0.0 0.0 0.0 0.0 0.0 0.0 0.0
   D 0.0 0.0 0.0 0.0 0.0 0.0 0.0 0.0 0.0
   E 0.0 0.0 0.0 0.0 0.0 0.0 0.0 0.0 0.0
   S 0.0 0.0 0.0 0.0 0.0 0.0 0.0 0.0 0.0
   T 0.0 0.0 0.0 0.0 0.0 0.0 0.0 0.0 0.0
   N 0.0 0.0 0.5 0.0 0.0 0.0 0.0 0.0 0.0
   Q 0.0 0.0 1.5 2.5 1.5 0.0 0.0 0.0 0.0
   C 0.0 0.0 0.0 0.0 0.0 0.0 0.0 0.0 0.0
   G 0.0 0.0 0.0 0.0 0.0 0.0 0.0 0.0 0.0
   Y 0.0 0.0 0.0 3.5 1.0 0.0 0.0 0.0 0.0
   A 0.0 0.0 0.0 0.0 0.0 0.0 0.0 0.0 0.0
   V 0.0 0.0 0.0 0.0 0.0 0.0 0.0 0.0 0.0
   I 0.0 0.0 0.0 0.0 0.0 0.0 0.0 0.0 0.0
   L 0.0 0.0 0.0 0.0 0.0 0.0 0.0 0.0 0.0
   M 0.0 0.0 0.0 0.0 0.0 0.0 0.0 0.0 0.0
   F 0.0 0.0 0.0 0.0 0.0 0.0 0.0 0.0 0.0
   W 0.0 0.0 0.0 0.0 0.0 0.0 0.0 0.0 0.0
   P 0.0 0.0 0.0 0.0 0.0 0.0 0.0 0.0 0.0

segname PROD -- Pep contact Map : frame 2
  --   1   2   3   4   5   6   7   8   9
  --   S   L   F   N   T   I   A   V   L
   R 0.0 0.0 0.0 0.3 3.0 0.0 0.0 0.0 0.0
   H 0.0 0.0 0.0 0.0 0.0 0.0 0.0 0.0 0.0
   K 0.0 0.0 0.0 0.0 0.0 0.0 0.0 0.0 0.0
   D 0.0 0.0 0.0 0.0 0.0 0.0 0.0 0.0 0.0
   E 0.0 0.0 0.0 0.0 0.0 0.0 0.0 0.0 0.0
   S 0.0 0.0 0.0 0.0 0.0 0.0 0.0 0.0 0.0
   T 0.0 0.0 0.0 0.0 0.0 0.0 0.0 0.0 0.0
   N 0.0 0.0 1.0 0.7 0.0 0.0 0.0 0.0 0.0
   Q 0.0 0.0 2.0 3.3 2.0 0.0 0.0 0.0 0.0
   C 0.0 0.0 0.0 0.0 0.0 0.0 0.0 0.0 0.0
   G 0.0 0.0 0.0 0.0 0.0 0.0 0.0 0.0 0.0
   Y 0.0 0.0 0.0 3.7 1.3 0.0 0.0 0.0 0.0
   A 0.0 0.0 0.0 0.0 0.0 0.0 0.0 0.0 0.0
   V 0.0 0.0 0.0 0.0 0.0 0.0 0.0 0.0 0.0
   I 0.0 0.0 0.0 0.0 0.0 0.0 0.0 0.0 0.0
   L 0.0 0.0 0.0 0.0 0.0 0.0 0.0 0.0 0.0
   M 0.0 0.0 0.0 0.0 0.0 0.0 0.0 0.0 0.0
   F 0.0 0.0 0.0 0.0 0.0 0.0 0.0 0.0 0.0
   W 0.0 0.0 0.0 0.0 0.0 0.0 0.0 0.0 0.0
   P 0.0 0.0 0.0 0.0 0.0 0.0 0.0 0.0 0.0

segname PROD -- Pep contact Map : frame 3
  --   1   2   3   4   5   6   7   8   9
  --   S   L   F   N   T   I   A   V   L
   R 0.0 0.0 0.0 0.8 3.2 0.0 0.0 0.0 0.0
   H 0.0 0.0 0.0 0.0 0.0 0.0 0.0 0.0 0.0
   K 0.0 0.0 0.0 0.0 0.0 0.0 0.0 0.0 0.0
   D 0.0 0.0 0.0 0.0 0.0 0.0 0.0 0.0 0.0
   E 0.0 0.0 0.0 0.0 0.0 0.0 0.0 0.0 0.0
   S 0.0 0.0 0.0 0.0 0.0 0.0 0.0 0.0 0.0
   T 0.0 0.0 0.0 0.0 0.0 0.0 0.0 0.0 0.0
   N 0.0 0.0 1.0 1.0 0.0 0.0 0.0 0.0 0.0
   Q 0.0 0.0 2.2 3.8 2.2 0.0 0.0 0.0 0.0
   C 0.0 0.0 0.0 0.0 0.0 0.0 0.0 0.0 0.0
   G 0.0 0.0 0.0 0.0 0.0 0.0 0.0 0.0 0.0
   Y 0.0 0.0 0.0 3.8 1.5 0.0 0.0 0.0 0.0
   A 0.0 0.0 0.0 0.0 0.0 0.0 0.0 0.0 0.0
   V 0.0 0.0 0.0 0.0 0.0 0.0 0.0 0.0 0.0
   I 0.0 0.0 0.0 0.0 0.0 0.0 0.0 0.0 0.0
   L 0.0 0.0 0.0 0.0 0.0 0.0 0.0 0.0 0.0
   M 0.0 0.0 0.0 0.0 0.0 0.0 0.0 0.0 0.0
   F 0.0 0.0 0.0 0.0 0.0 0.0 0.0 0.0 0.0
   W 0.0 0.0 0.0 0.0 0.0 0.0 0.0 0.0 0.0
   P 0.0 0.0 0.0 0.0 0.0 0.0 0.0 0.0 0.0

segname PROD -- Pep contact Map : frame 4
  --   1   2   3   4   5   6   7   8   9
  --   S   L   F   N   T   I   A   V   L
   R 0.0 0.0 0.0 1.0 3.4 0.0 0.0 0.0 0.0
   H 0.0 0.0 0.0 0.0 0.0 0.0 0.0 0.0 0.0
   K 0.0 0.0 0.0 0.0 0.0 0.0 0.0 0.0 0.0
   D 0.0 0.0 0.0 0.0 0.0 0.0 0.0 0.0 0.0
   E 0.0 0.0 0.0 0.0 0.0 0.0 0.0 0.0 0.0
   S 0.0 0.0 0.0 0.0 0.0 0.0 0.0 0.0 0.0
   T 0.0 0.0 0.0 0.0 0.0 0.0 0.0 0.0 0.0
   N 0.0 0.0 0.8 0.8 0.0 0.0 0.0 0.0 0.0
   Q 0.0 0.0 2.0 4.0 2.4 0.0 0.0 0.0 0.0
   C 0.0 0.0 0.0 0.0 0.0 0.0 0.0 0.0 0.0
   G 0.0 0.0 0.0 0.0 0.0 0.0 0.0 0.0 0.0
   Y 0.0 0.0 0.0 3.6 1.2 0.0 0.0 0.0 0.0
   A 0.0 0.0 0.0 0.0 0.0 0.0 0.0 0.0 0.0
   V 0.0 0.0 0.0 0.0 0.0 0.0 0.0 0.0 0.0
   I 0.0 0.0 0.0 0.0 0.0 0.0 0.0 0.0 0.0
   L 0.0 0.0 0.0 0.0 0.0 0.0 0.0 0.0 0.0
   M 0.0 0.0 0.0 0.0 0.0 0.0 0.0 0.0 0.0
   F 0.0 0.0 0.0 0.0 0.0 0.0 0.0 0.0 0.0
   W 0.0 0.0 0.0 0.0 0.0 0.0 0.0 0.0 0.0
   P 0.0 0.0 0.0 0.0 0.0 0.0 0.0 0.0 0.0

segname PROD -- Pep contact Map : frame 5
  --   1   2   3   4   5   6   7   8   9
  --   S   L   F   N   T   I   A   V   L
   R 0.0 0.0 0.0 0.8 3.5 0.0 0.0 0.0 0.0
   H 0.0 0.0 0.0 0.0 0.0 0.0 0.0 0.0 0.0
   K 0.0 0.0 0.0 0.0 0.0 0.0 0.0 0.0 0.0
   D 0.0 0.0 0.0 0.0 0.0 0.0 0.0 0.0 0.0
   E 0.0 0.0 0.0 0.0 0.0 0.0 0.0 0.0 0.0
   S 0.0 0.0 0.0 0.0 0.0 0.0 0.0 0.0 0.0
   T 0.0 0.0 0.0 0.0 0.0 0.0 0.0 0.0 0.0
   N 0.0 0.0 0.7 0.7 0.0 0.0 0.0 0.0 0.0
   Q 0.0 0.0 1.7 4.2 2.3 0.0 0.0 0.0 0.0
   C 0.0 0.0 0.0 0.0 0.0 0.0 0.0 0.0 0.0
   G 0.0 0.0 0.0 0.0 0.0 0.0 0.0 0.0 0.0
   Y 0.0 0.0 0.0 3.7 1.3 0.0 0.0 0.0 0.0
   A 0.0 0.0 0.0 0.0 0.0 0.0 0.0 0.0 0.0
   V 0.0 0.0 0.0 0.0 0.0 0.0 0.0 0.0 0.0
   I 0.0 0.0 0.0 0.0 0.0 0.0 0.0 0.0 0.0
   L 0.0 0.0 0.0 0.0 0.0 0.0 0.0 0.0 0.0
   M 0.0 0.0 0.0 0.0 0.0 0.0 0.0 0.0 0.0
   F 0.0 0.0 0.0 0.0 0.0 0.0 0.0 0.0 0.0
   W 0.0 0.0 0.0 0.0 0.0 0.0 0.0 0.0 0.0
   P 0.0 0.0 0.0 0.0 0.0 0.0 0.0 0.0 0.0

segname PROD -- Pep contact Map : frame 6
  --   1   2   3   4   5   6   7   8   9
  --   S   L   F   N   T   I   A   V   L
   R 0.0 0.0 0.0 0.7 3.4 0.0 0.0 0.0 0.0
   H 0.0 0.0 0.0 0.0 0.0 0.0 0.0 0.0 0.0
   K 0.0 0.0 0.0 0.0 0.0 0.0 0.0 0.0 0.0
   D 0.0 0.0 0.0 0.0 0.0 0.0 0.0 0.0 0.0
   E 0.0 0.0 0.0 0.0 0.0 0.0 0.0 0.0 0.0
   S 0.0 0.0 0.0 0.0 0.0 0.0 0.0 0.0 0.0
   T 0.0 0.0 0.0 0.0 0.0 0.0 0.0 0.0 0.0
   N 0.0 0.0 0.6 0.6 0.0 0.0 0.0 0.0 0.0
   Q 0.0 0.0 1.4 4.3 2.4 0.0 0.0 0.0 0.0
   C 0.0 0.0 0.0 0.0 0.0 0.0 0.0 0.0 0.0
   G 0.0 0.0 0.0 0.0 0.0 0.0 0.0 0.0 0.0
   Y 0.0 0.0 0.0 3.7 1.3 0.0 0.0 0.0 0.0
   A 0.0 0.0 0.0 0.0 0.0 0.0 0.0 0.0 0.0
   V 0.0 0.0 0.0 0.0 0.0 0.0 0.0 0.0 0.0
   I 0.0 0.0 0.0 0.0 0.0 0.0 0.0 0.0 0.0
   L 0.0 0.0 0.0 0.0 0.0 0.0 0.0 0.0 0.0
   M 0.0 0.0 0.0 0.0 0.0 0.0 0.0 0.0 0.0
   F 0.0 0.0 0.0 0.0 0.0 0.0 0.0 0.0 0.0
   W 0.0 0.0 0.0 0.0 0.0 0.0 0.0 0.0 0.0
   P 0.0 0.0 0.0 0.0 0.0 0.0 0.0 0.0 0.0

segname PROD -- Pep contact Map : frame 7
  --   1   2   3   4   5   6   7   8   9
  --   S   L   F   N   T   I   A   V   L
   R 0.0 0.0 0.0 0.6 3.6 0.0 0.0 0.0 0.0
   H 0.0 0.0 0.0 0.0 0.0 0.0 0.0 0.0 0.0
   K 0.0 0.0 0.0 0.0 0.0 0.0 0.0 0.0 0.0
   D 0.0 0.0 0.0 0.0 0.0 0.0 0.0 0.0 0.0
   E 0.0 0.0 0.0 0.0 0.0 0.0 0.0 0.0 0.0
   S 0.0 0.0 0.0 0.0 0.0 0.0 0.0 0.0 0.0
   T 0.0 0.0 0.0 0.0 0.0 0.0 0.0 0.0 0.0
   N 0.0 0.0 0.5 0.5 0.0 0.0 0.0 0.0 0.0
   Q 0.0 0.0 1.4 4.2 2.5 0.0 0.0 0.0 0.0
   C 0.0 0.0 0.0 0.0 0.0 0.0 0.0 0.0 0.0
   G 0.0 0.0 0.0 0.0 0.0 0.0 0.0 0.0 0.0
   Y 0.0 0.0 0.0 3.8 1.2 0.0 0.0 0.0 0.0
   A 0.0 0.0 0.0 0.0 0.0 0.0 0.0 0.0 0.0
   V 0.0 0.0 0.0 0.0 0.0 0.0 0.0 0.0 0.0
   I 0.0 0.0 0.0 0.0 0.0 0.0 0.0 0.0 0.0
   L 0.0 0.0 0.0 0.0 0.0 0.0 0.0 0.0 0.0
   M 0.0 0.0 0.0 0.0 0.0 0.0 0.0 0.0 0.0
   F 0.0 0.0 0.0 0.0 0.0 0.0 0.0 0.0 0.0
   W 0.0 0.0 0.0 0.0 0.0 0.0 0.0 0.0 0.0
   P 0.0 0.0 0.0 0.0 0.0 0.0 0.0 0.0 0.0

segname PROD -- Pep contact Map : frame 8
  --   1   2   3   4   5   6   7   8   9
  --   S   L   F   N   T   I   A   V   L
   R 0.0 0.0 0.0 0.9 3.7 0.0 0.0 0.0 0.0
   H 0.0 0.0 0.0 0.0 0.0 0.0 0.0 0.0 0.0
   K 0.0 0.0 0.0 0.0 0.0 0.0 0.0 0.0 0.0
   D 0.0 0.0 0.0 0.0 0.0 0.0 0.0 0.0 0.0
   E 0.0 0.0 0.0 0.0 0.0 0.0 0.0 0.0 0.0
   S 0.0 0.0 0.0 0.0 0.0 0.0 0.0 0.0 0.0
   T 0.0 0.0 0.0 0.0 0.0 0.0 0.0 0.0 0.0
   N 0.0 0.0 0.4 0.4 0.0 0.0 0.0 0.0 0.0
   Q 0.0 0.0 1.3 4.2 2.4 0.0 0.0 0.0 0.0
   C 0.0 0.0 0.0 0.0 0.0 0.0 0.0 0.0 0.0
   G 0.0 0.0 0.0 0.0 0.0 0.0 0.0 0.0 0.0
   Y 0.0 0.0 0.0 3.7 1.3 0.0 0.0 0.0 0.0
   A 0.0 0.0 0.0 0.0 0.0 0.0 0.0 0.0 0.0
   V 0.0 0.0 0.0 0.0 0.0 0.0 0.0 0.0 0.0
   I 0.0 0.0 0.0 0.0 0.0 0.0 0.0 0.0 0.0
   L 0.0 0.0 0.0 0.0 0.0 0.0 0.0 0.0 0.0
   M 0.0 0.0 0.0 0.0 0.0 0.0 0.0 0.0 0.0
   F 0.0 0.0 0.0 0.0 0.0 0.0 0.0 0.0 0.0
   W 0.0 0.0 0.0 0.0 0.0 0.0 0.0 0.0 0.0
   P 0.0 0.0 0.0 0.0 0.0 0.0 0.0 0.0 0.0

segname PROD -- Pep contact Map : frame 9
  --   1   2   3   4   5   6   7   8   9
  --   S   L   F   N   T   I   A   V   L
   R 0.0 0.0 0.0 1.1 3.7 0.0 0.0 0.0 0.0
   H 0.0 0.0 0.0 0.0 0.0 0.0 0.0 0.0 0.0
   K 0.0 0.0 0.0 0.0 0.0 0.0 0.0 0.0 0.0
   D 0.0 0.0 0.0 0.0 0.0 0.0 0.0 0.0 0.0
   E 0.0 0.0 0.0 0.0 0.0 0.0 0.0 0.0 0.0
   S 0.0 0.0 0.0 0.0 0.0 0.0 0.0 0.0 0.0
   T 0.0 0.0 0.0 0.0 0.0 0.0 0.0 0.0 0.0
   N 0.0 0.0 0.4 0.4 0.0 0.0 0.0 0.0 0.0
   Q 0.0 0.0 1.3 4.3 2.3 0.0 0.0 0.0 0.0
   C 0.0 0.0 0.0 0.0 0.0 0.0 0.0 0.0 0.0
   G 0.0 0.0 0.0 0.0 0.0 0.0 0.0 0.0 0.0
   Y 0.0 0.0 0.0 3.6 1.4 0.0 0.0 0.0 0.0
   A 0.0 0.0 0.0 0.0 0.0 0.0 0.0 0.0 0.0
   V 0.0 0.0 0.0 0.0 0.0 0.0 0.0 0.0 0.0
   I 0.0 0.0 0.0 0.0 0.0 0.0 0.0 0.0 0.0
   L 0.0 0.0 0.0 0.0 0.0 0.0 0.0 0.0 0.0
   M 0.0 0.0 0.0 0.0 0.0 0.0 0.0 0.0 0.0
   F 0.0 0.0 0.0 0.0 0.0 0.0 0.0 0.0 0.0
   W 0.0 0.0 0.0 0.0 0.0 0.0 0.0 0.0 0.0
   P 0.0 0.0 0.0 0.0 0.0 0.0 0.0 0.0 0.0

segname PROD -- Pep contact Map : frame 10
  --   1   2   3   4   5   6   7   8   9
  --   S   L   F   N   T   I   A   V   L
   R 0.0 0.0 0.0 1.0 3.7 0.0 0.0 0.0 0.0
   H 0.0 0.0 0.0 0.0 0.0 0.0 0.0 0.0 0.0
   K 0.0 0.0 0.0 0.0 0.0 0.0 0.0 0.0 0.0
   D 0.0 0.0 0.0 0.0 0.0 0.0 0.0 0.0 0.0
   E 0.0 0.0 0.0 0.0 0.0 0.0 0.0 0.0 0.0
   S 0.0 0.0 0.0 0.0 0.0 0.0 0.0 0.0 0.0
   T 0.0 0.0 0.0 0.0 0.0 0.0 0.0 0.0 0.0
   N 0.0 0.0 0.4 0.4 0.0 0.0 0.0 0.0 0.0
   Q 0.0 0.0 1.2 4.4 2.4 0.0 0.0 0.0 0.0
   C 0.0 0.0 0.0 0.0 0.0 0.0 0.0 0.0 0.0
   G 0.0 0.0 0.0 0.0 0.0 0.0 0.0 0.0 0.0
   Y 0.0 0.0 0.0 3.5 1.5 0.0 0.0 0.0 0.0
   A 0.0 0.0 0.0 0.0 0.0 0.0 0.0 0.0 0.0
   V 0.0 0.0 0.0 0.0 0.0 0.0 0.0 0.0 0.0
   I 0.0 0.0 0.0 0.0 0.0 0.0 0.0 0.0 0.0
   L 0.0 0.0 0.0 0.0 0.0 0.0 0.0 0.0 0.0
   M 0.0 0.0 0.0 0.0 0.0 0.0 0.0 0.0 0.0
   F 0.0 0.0 0.0 0.0 0.0 0.0 0.0 0.0 0.0
   W 0.0 0.0 0.0 0.0 0.0 0.0 0.0 0.0 0.0
   P 0.0 0.0 0.0 0.0 0.0 0.0 0.0 0.0 0.0

segname PROD -- Pep contact Map : frame 11
  --   1   2   3   4   5   6   7   8   9
  --   S   L   F   N   T   I   A   V   L
   R 0.0 0.0 0.0 1.0 3.8 0.0 0.0 0.0 0.0
   H 0.0 0.0 0.0 0.0 0.0 0.0 0.0 0.0 0.0
   K 0.0 0.0 0.0 0.0 0.0 0.0 0.0 0.0 0.0
   D 0.0 0.0 0.0 0.0 0.0 0.0 0.0 0.0 0.0
   E 0.0 0.0 0.0 0.0 0.0 0.0 0.0 0.0 0.0
   S 0.0 0.0 0.0 0.0 0.0 0.0 0.0 0.0 0.0
   T 0.0 0.0 0.0 0.0 0.0 0.0 0.0 0.0 0.0
   N 0.0 0.0 0.3 0.3 0.0 0.0 0.0 0.0 0.0
   Q 0.0 0.0 1.2 4.3 2.2 0.0 0.0 0.0 0.0
   C 0.0 0.0 0.0 0.0 0.0 0.0 0.0 0.0 0.0
   G 0.0 0.0 0.0 0.0 0.0 0.0 0.0 0.0 0.0
   Y 0.0 0.0 0.0 3.7 1.4 0.0 0.0 0.0 0.0
   A 0.0 0.0 0.0 0.0 0.0 0.0 0.0 0.0 0.0
   V 0.0 0.0 0.0 0.0 0.0 0.0 0.0 0.0 0.0
   I 0.0 0.0 0.0 0.0 0.0 0.0 0.0 0.0 0.0
   L 0.0 0.0 0.0 0.0 0.0 0.0 0.0 0.0 0.0
   M 0.0 0.0 0.0 0.0 0.0 0.0 0.0 0.0 0.0
   F 0.0 0.0 0.0 0.0 0.0 0.0 0.0 0.0 0.0
   W 0.0 0.0 0.0 0.0 0.0 0.0 0.0 0.0 0.0
   P 0.0 0.0 0.0 0.0 0.0 0.0 0.0 0.0 0.0

segname PROD -- Pep contact Map : frame 12
  --   1   2   3   4   5   6   7   8   9
  --   S   L   F   N   T   I   A   V   L
   R 0.0 0.0 0.0 1.2 3.8 0.0 0.0 0.0 0.0
   H 0.0 0.0 0.0 0.0 0.0 0.0 0.0 0.0 0.0
   K 0.0 0.0 0.0 0.0 0.0 0.0 0.0 0.0 0.0
   D 0.0 0.0 0.0 0.0 0.0 0.0 0.0 0.0 0.0
   E 0.0 0.0 0.0 0.0 0.0 0.0 0.0 0.0 0.0
   S 0.0 0.0 0.0 0.0 0.0 0.0 0.0 0.0 0.0
   T 0.0 0.0 0.0 0.0 0.0 0.0 0.0 0.0 0.0
   N 0.0 0.0 0.3 0.4 0.0 0.0 0.0 0.0 0.0
   Q 0.0 0.0 1.1 4.4 2.2 0.0 0.0 0.0 0.0
   C 0.0 0.0 0.0 0.0 0.0 0.0 0.0 0.0 0.0
   G 0.0 0.0 0.0 0.0 0.0 0.0 0.0 0.0 0.0
   Y 0.0 0.0 0.0 3.8 1.3 0.0 0.0 0.0 0.0
   A 0.0 0.0 0.0 0.0 0.0 0.0 0.0 0.0 0.0
   V 0.0 0.0 0.0 0.0 0.0 0.0 0.0 0.0 0.0
   I 0.0 0.0 0.0 0.0 0.0 0.0 0.0 0.0 0.0
   L 0.0 0.0 0.0 0.0 0.0 0.0 0.0 0.0 0.0
   M 0.0 0.0 0.0 0.0 0.0 0.0 0.0 0.0 0.0
   F 0.0 0.0 0.0 0.0 0.0 0.0 0.0 0.0 0.0
   W 0.0 0.0 0.0 0.0 0.0 0.0 0.0 0.0 0.0
   P 0.0 0.0 0.0 0.0 0.0 0.0 0.0 0.0 0.0

segname PROD -- Pep contact Map : frame 13
  --   1   2   3   4   5   6   7   8   9
  --   S   L   F   N   T   I   A   V   L
   R 0.0 0.0 0.0 1.4 3.7 0.0 0.0 0.0 0.0
   H 0.0 0.0 0.0 0.0 0.0 0.0 0.0 0.0 0.0
   K 0.0 0.0 0.0 0.0 0.0 0.0 0.0 0.0 0.0
   D 0.0 0.0 0.0 0.0 0.0 0.0 0.0 0.0 0.0
   E 0.0 0.0 0.0 0.0 0.0 0.0 0.0 0.0 0.0
   S 0.0 0.0 0.0 0.0 0.0 0.0 0.0 0.0 0.0
   T 0.0 0.0 0.0 0.0 0.0 0.0 0.0 0.0 0.0
   N 0.0 0.0 0.3 0.4 0.0 0.0 0.0 0.0 0.0
   Q 0.0 0.0 1.1 4.3 2.2 0.0 0.0 0.0 0.0
   C 0.0 0.0 0.0 0.0 0.0 0.0 0.0 0.0 0.0
   G 0.0 0.0 0.0 0.0 0.0 0.0 0.0 0.0 0.0
   Y 0.0 0.0 0.0 3.8 1.2 0.1 0.0 0.0 0.0
   A 0.0 0.0 0.0 0.0 0.0 0.0 0.0 0.0 0.0
   V 0.0 0.0 0.0 0.0 0.0 0.0 0.0 0.0 0.0
   I 0.0 0.0 0.0 0.0 0.0 0.0 0.0 0.0 0.0
   L 0.0 0.0 0.0 0.0 0.0 0.0 0.0 0.0 0.0
   M 0.0 0.0 0.0 0.0 0.0 0.0 0.0 0.0 0.0
   F 0.0 0.0 0.0 0.0 0.0 0.0 0.0 0.0 0.0
   W 0.0 0.0 0.0 0.0 0.0 0.0 0.0 0.0 0.0
   P 0.0 0.0 0.0 0.0 0.0 0.0 0.0 0.0 0.0

segname PROD -- Pep contact Map : frame 14
  --   1   2   3   4   5   6   7   8   9
  --   S   L   F   N   T   I   A   V   L
   R 0.0 0.0 0.0 1.3 3.7 0.0 0.0 0.0 0.0
   H 0.0 0.0 0.0 0.0 0.0 0.0 0.0 0.0 0.0
   K 0.0 0.0 0.0 0.0 0.0 0.0 0.0 0.0 0.0
   D 0.0 0.0 0.0 0.0 0.0 0.0 0.0 0.0 0.0
   E 0.0 0.0 0.0 0.0 0.0 0.0 0.0 0.0 0.0
   S 0.0 0.0 0.0 0.0 0.0 0.0 0.0 0.0 0.0
   T 0.0 0.0 0.0 0.0 0.0 0.0 0.0 0.0 0.0
   N 0.0 0.0 0.3 0.3 0.0 0.0 0.0 0.0 0.0
   Q 0.0 0.0 1.1 4.3 2.3 0.0 0.0 0.0 0.0
   C 0.0 0.0 0.0 0.0 0.0 0.0 0.0 0.0 0.0
   G 0.0 0.0 0.0 0.0 0.0 0.0 0.0 0.0 0.0
   Y 0.0 0.0 0.0 3.8 1.3 0.1 0.0 0.0 0.0
   A 0.0 0.0 0.0 0.0 0.0 0.0 0.0 0.0 0.0
   V 0.0 0.0 0.0 0.0 0.0 0.0 0.0 0.0 0.0
   I 0.0 0.0 0.0 0.0 0.0 0.0 0.0 0.0 0.0
   L 0.0 0.0 0.0 0.0 0.0 0.0 0.0 0.0 0.0
   M 0.0 0.0 0.0 0.0 0.0 0.0 0.0 0.0 0.0
   F 0.0 0.0 0.0 0.0 0.0 0.0 0.0 0.0 0.0
   W 0.0 0.0 0.0 0.0 0.0 0.0 0.0 0.0 0.0
   P 0.0 0.0 0.0 0.0 0.0 0.0 0.0 0.0 0.0

segname PROD -- Pep contact Map : frame 15
  --   1   2   3   4   5   6   7   8   9
  --   S   L   F   N   T   I   A   V   L
   R 0.0 0.0 0.0 1.4 3.6 0.0 0.0 0.0 0.0
   H 0.0 0.0 0.0 0.0 0.0 0.0 0.0 0.0 0.0
   K 0.0 0.0 0.0 0.0 0.0 0.0 0.0 0.0 0.0
   D 0.0 0.0 0.0 0.0 0.0 0.0 0.0 0.0 0.0
   E 0.0 0.0 0.0 0.0 0.0 0.0 0.0 0.0 0.0
   S 0.0 0.0 0.0 0.0 0.0 0.0 0.0 0.0 0.0
   T 0.0 0.0 0.0 0.0 0.0 0.0 0.0 0.0 0.0
   N 0.0 0.0 0.4 0.3 0.0 0.0 0.0 0.0 0.0
   Q 0.0 0.0 1.2 4.3 2.2 0.0 0.0 0.0 0.0
   C 0.0 0.0 0.0 0.0 0.0 0.0 0.0 0.0 0.0
   G 0.0 0.0 0.0 0.0 0.0 0.0 0.0 0.0 0.0
   Y 0.0 0.0 0.0 3.9 1.2 0.2 0.0 0.0 0.0
   A 0.0 0.0 0.0 0.0 0.0 0.0 0.0 0.0 0.0
   V 0.0 0.0 0.0 0.0 0.0 0.0 0.0 0.0 0.0
   I 0.0 0.0 0.0 0.0 0.0 0.0 0.0 0.0 0.0
   L 0.0 0.0 0.0 0.0 0.0 0.0 0.0 0.0 0.0
   M 0.0 0.0 0.0 0.0 0.0 0.0 0.0 0.0 0.0
   F 0.0 0.0 0.0 0.0 0.0 0.0 0.0 0.0 0.0
   W 0.0 0.0 0.0 0.0 0.0 0.0 0.0 0.0 0.0
   P 0.0 0.0 0.0 0.0 0.0 0.0 0.0 0.0 0.0

segname PROD -- Pep contact Map : frame 16
  --   1   2   3   4   5   6   7   8   9
  --   S   L   F   N   T   I   A   V   L
   R 0.0 0.0 0.0 1.6 3.5 0.0 0.0 0.0 0.0
   H 0.0 0.0 0.0 0.0 0.0 0.0 0.0 0.0 0.0
   K 0.0 0.0 0.0 0.0 0.0 0.0 0.0 0.0 0.0
   D 0.0 0.0 0.0 0.0 0.0 0.0 0.0 0.0 0.0
   E 0.0 0.0 0.0 0.0 0.0 0.0 0.0 0.0 0.0
   S 0.0 0.0 0.0 0.0 0.0 0.0 0.0 0.0 0.0
   T 0.0 0.0 0.0 0.0 0.0 0.0 0.0 0.0 0.0
   N 0.0 0.0 0.4 0.4 0.0 0.0 0.0 0.0 0.0
   Q 0.0 0.0 1.2 4.4 2.3 0.0 0.0 0.0 0.0
   C 0.0 0.0 0.0 0.0 0.0 0.0 0.0 0.0 0.0
   G 0.0 0.0 0.0 0.0 0.0 0.0 0.0 0.0 0.0
   Y 0.0 0.0 0.0 3.9 1.1 0.2 0.0 0.0 0.0
   A 0.0 0.0 0.0 0.0 0.0 0.0 0.0 0.0 0.0
   V 0.0 0.0 0.0 0.0 0.0 0.0 0.0 0.0 0.0
   I 0.0 0.0 0.0 0.0 0.0 0.0 0.0 0.0 0.0
   L 0.0 0.0 0.0 0.0 0.0 0.0 0.0 0.0 0.0
   M 0.0 0.0 0.0 0.0 0.0 0.0 0.0 0.0 0.0
   F 0.0 0.0 0.0 0.0 0.0 0.0 0.0 0.0 0.0
   W 0.0 0.0 0.0 0.0 0.0 0.0 0.0 0.0 0.0
   P 0.0 0.0 0.0 0.0 0.0 0.0 0.0 0.0 0.0

segname PROD -- Pep contact Map : frame 17
  --   1   2   3   4   5   6   7   8   9
  --   S   L   F   N   T   I   A   V   L
   R 0.0 0.0 0.0 1.7 3.6 0.0 0.0 0.0 0.0
   H 0.0 0.0 0.0 0.0 0.0 0.0 0.0 0.0 0.0
   K 0.0 0.0 0.0 0.0 0.0 0.0 0.0 0.0 0.0
   D 0.0 0.0 0.0 0.0 0.0 0.0 0.0 0.0 0.0
   E 0.0 0.0 0.0 0.0 0.0 0.0 0.0 0.0 0.0
   S 0.0 0.0 0.0 0.0 0.0 0.0 0.0 0.0 0.0
   T 0.0 0.0 0.0 0.0 0.0 0.0 0.0 0.0 0.0
   N 0.0 0.0 0.4 0.5 0.0 0.0 0.0 0.0 0.0
   Q 0.0 0.0 1.2 4.4 2.3 0.0 0.0 0.0 0.0
   C 0.0 0.0 0.0 0.0 0.0 0.0 0.0 0.0 0.0
   G 0.0 0.0 0.0 0.0 0.0 0.0 0.0 0.0 0.0
   Y 0.0 0.0 0.0 3.9 1.2 0.2 0.0 0.0 0.0
   A 0.0 0.0 0.0 0.0 0.0 0.0 0.0 0.0 0.0
   V 0.0 0.0 0.0 0.0 0.0 0.0 0.0 0.0 0.0
   I 0.0 0.0 0.0 0.0 0.0 0.0 0.0 0.0 0.0
   L 0.0 0.0 0.0 0.0 0.0 0.0 0.0 0.0 0.0
   M 0.0 0.0 0.0 0.0 0.0 0.0 0.0 0.0 0.0
   F 0.0 0.0 0.0 0.0 0.0 0.0 0.0 0.0 0.0
   W 0.0 0.0 0.0 0.0 0.0 0.0 0.0 0.0 0.0
   P 0.0 0.0 0.0 0.0 0.0 0.0 0.0 0.0 0.0

segname PROD -- Pep contact Map : frame 18
  --   1   2   3   4   5   6   7   8   9
  --   S   L   F   N   T   I   A   V   L
   R 0.0 0.0 0.0 1.6 3.6 0.0 0.0 0.0 0.0
   H 0.0 0.0 0.0 0.0 0.0 0.0 0.0 0.0 0.0
   K 0.0 0.0 0.0 0.0 0.0 0.0 0.0 0.0 0.0
   D 0.0 0.0 0.0 0.0 0.0 0.0 0.0 0.0 0.0
   E 0.0 0.0 0.0 0.0 0.0 0.0 0.0 0.0 0.0
   S 0.0 0.0 0.0 0.0 0.0 0.0 0.0 0.0 0.0
   T 0.0 0.0 0.0 0.0 0.0 0.0 0.0 0.0 0.0
   N 0.0 0.0 0.5 0.6 0.0 0.0 0.0 0.0 0.0
   Q 0.0 0.0 1.2 4.4 2.4 0.0 0.0 0.0 0.0
   C 0.0 0.0 0.0 0.0 0.0 0.0 0.0 0.0 0.0
   G 0.0 0.0 0.0 0.0 0.0 0.0 0.0 0.0 0.0
   Y 0.0 0.0 0.0 3.9 1.1 0.3 0.0 0.0 0.0
   A 0.0 0.0 0.0 0.0 0.0 0.0 0.0 0.0 0.0
   V 0.0 0.0 0.0 0.0 0.0 0.0 0.0 0.0 0.0
   I 0.0 0.0 0.0 0.0 0.0 0.0 0.0 0.0 0.0
   L 0.0 0.0 0.0 0.0 0.0 0.0 0.0 0.0 0.0
   M 0.0 0.0 0.0 0.0 0.0 0.0 0.0 0.0 0.0
   F 0.0 0.0 0.0 0.0 0.0 0.0 0.0 0.0 0.0
   W 0.0 0.0 0.0 0.0 0.0 0.0 0.0 0.0 0.0
   P 0.0 0.0 0.0 0.0 0.0 0.0 0.0 0.0 0.0

segname PROD -- Pep contact Map : frame 19
  --   1   2   3   4   5   6   7   8   9
  --   S   L   F   N   T   I   A   V   L
   R 0.0 0.0 0.0 1.6 3.6 0.0 0.0 0.0 0.0
   H 0.0 0.0 0.0 0.0 0.0 0.0 0.0 0.0 0.0
   K 0.0 0.0 0.0 0.0 0.0 0.0 0.0 0.0 0.0
   D 0.0 0.0 0.0 0.0 0.0 0.0 0.0 0.0 0.0
   E 0.0 0.0 0.0 0.0 0.0 0.0 0.0 0.0 0.0
   S 0.0 0.0 0.0 0.0 0.0 0.0 0.0 0.0 0.0
   T 0.0 0.0 0.0 0.0 0.0 0.0 0.0 0.0 0.0
   N 0.0 0.0 0.5 0.7 0.0 0.0 0.0 0.0 0.0
   Q 0.0 0.0 1.2 4.5 2.3 0.0 0.0 0.0 0.0
   C 0.0 0.0 0.0 0.0 0.0 0.0 0.0 0.0 0.0
   G 0.0 0.0 0.0 0.0 0.0 0.0 0.0 0.0 0.0
   Y 0.0 0.0 0.0 4.0 1.1 0.2 0.0 0.0 0.0
   A 0.0 0.0 0.0 0.0 0.0 0.0 0.0 0.0 0.0
   V 0.0 0.0 0.0 0.0 0.0 0.0 0.0 0.0 0.0
   I 0.0 0.0 0.0 0.0 0.0 0.0 0.0 0.0 0.0
   L 0.0 0.0 0.0 0.0 0.0 0.0 0.0 0.0 0.0
   M 0.0 0.0 0.0 0.0 0.0 0.0 0.0 0.0 0.0
   F 0.0 0.0 0.0 0.0 0.0 0.0 0.0 0.0 0.0
   W 0.0 0.0 0.0 0.0 0.0 0.0 0.0 0.0 0.0
   P 0.0 0.0 0.0 0.0 0.0 0.0 0.0 0.0 0.0

segname PROD -- Pep contact Map : frame 20
  --   1   2   3   4   5   6   7   8   9
  --   S   L   F   N   T   I   A   V   L
   R 0.0 0.0 0.0 1.7 3.7 0.0 0.0 0.0 0.0
   H 0.0 0.0 0.0 0.0 0.0 0.0 0.0 0.0 0.0
   K 0.0 0.0 0.0 0.0 0.0 0.0 0.0 0.0 0.0
   D 0.0 0.0 0.0 0.0 0.0 0.0 0.0 0.0 0.0
   E 0.0 0.0 0.0 0.0 0.0 0.0 0.0 0.0 0.0
   S 0.0 0.0 0.0 0.0 0.0 0.0 0.0 0.0 0.0
   T 0.0 0.0 0.0 0.0 0.0 0.0 0.0 0.0 0.0
   N 0.0 0.0 0.5 0.7 0.0 0.0 0.0 0.0 0.0
   Q 0.0 0.0 1.2 4.5 2.3 0.0 0.0 0.0 0.0
   C 0.0 0.0 0.0 0.0 0.0 0.0 0.0 0.0 0.0
   G 0.0 0.0 0.0 0.0 0.0 0.0 0.0 0.0 0.0
   Y 0.0 0.0 0.0 4.1 1.1 0.3 0.0 0.0 0.0
   A 0.0 0.0 0.0 0.0 0.0 0.0 0.0 0.0 0.0
   V 0.0 0.0 0.0 0.0 0.0 0.0 0.0 0.0 0.0
   I 0.0 0.0 0.0 0.0 0.0 0.0 0.0 0.0 0.0
   L 0.0 0.0 0.0 0.0 0.0 0.0 0.0 0.0 0.0
   M 0.0 0.0 0.0 0.0 0.0 0.0 0.0 0.0 0.0
   F 0.0 0.0 0.0 0.0 0.0 0.0 0.0 0.0 0.0
   W 0.0 0.0 0.0 0.0 0.0 0.0 0.0 0.0 0.0
   P 0.0 0.0 0.0 0.0 0.0 0.0 0.0 0.0 0.0

segname PROD -- Pep contact Map : frame 21
  --   1   2   3   4   5   6   7   8   9
  --   S   L   F   N   T   I   A   V   L
   R 0.0 0.0 0.0 1.7 3.7 0.0 0.0 0.0 0.0
   H 0.0 0.0 0.0 0.0 0.0 0.0 0.0 0.0 0.0
   K 0.0 0.0 0.0 0.0 0.0 0.0 0.0 0.0 0.0
   D 0.0 0.0 0.0 0.0 0.0 0.0 0.0 0.0 0.0
   E 0.0 0.0 0.0 0.0 0.0 0.0 0.0 0.0 0.0
   S 0.0 0.0 0.0 0.0 0.0 0.0 0.0 0.0 0.0
   T 0.0 0.0 0.0 0.0 0.0 0.0 0.0 0.0 0.0
   N 0.0 0.0 0.5 0.6 0.0 0.0 0.0 0.0 0.0
   Q 0.0 0.0 1.1 4.5 2.3 0.0 0.0 0.0 0.0
   C 0.0 0.0 0.0 0.0 0.0 0.0 0.0 0.0 0.0
   G 0.0 0.0 0.0 0.0 0.0 0.0 0.0 0.0 0.0
   Y 0.0 0.0 0.0 4.2 1.0 0.3 0.0 0.0 0.0
   A 0.0 0.0 0.0 0.0 0.0 0.0 0.0 0.0 0.0
   V 0.0 0.0 0.0 0.0 0.0 0.0 0.0 0.0 0.0
   I 0.0 0.0 0.0 0.0 0.0 0.0 0.0 0.0 0.0
   L 0.0 0.0 0.0 0.0 0.0 0.0 0.0 0.0 0.0
   M 0.0 0.0 0.0 0.0 0.0 0.0 0.0 0.0 0.0
   F 0.0 0.0 0.0 0.0 0.0 0.0 0.0 0.0 0.0
   W 0.0 0.0 0.0 0.0 0.0 0.0 0.0 0.0 0.0
   P 0.0 0.0 0.0 0.0 0.0 0.0 0.0 0.0 0.0

segname PROD -- Pep contact Map : frame 22
  --   1   2   3   4   5   6   7   8   9
  --   S   L   F   N   T   I   A   V   L
   R 0.0 0.0 0.0 1.8 3.7 0.0 0.0 0.0 0.0
   H 0.0 0.0 0.0 0.0 0.0 0.0 0.0 0.0 0.0
   K 0.0 0.0 0.0 0.0 0.0 0.0 0.0 0.0 0.0
   D 0.0 0.0 0.0 0.0 0.0 0.0 0.0 0.0 0.0
   E 0.0 0.0 0.0 0.0 0.0 0.0 0.0 0.0 0.0
   S 0.0 0.0 0.0 0.0 0.0 0.0 0.0 0.0 0.0
   T 0.0 0.0 0.0 0.0 0.0 0.0 0.0 0.0 0.0
   N 0.0 0.0 0.5 0.6 0.0 0.0 0.0 0.0 0.0
   Q 0.0 0.0 1.1 4.5 2.3 0.0 0.0 0.0 0.0
   C 0.0 0.0 0.0 0.0 0.0 0.0 0.0 0.0 0.0
   G 0.0 0.0 0.0 0.0 0.0 0.0 0.0 0.0 0.0
   Y 0.0 0.0 0.0 4.2 1.0 0.3 0.0 0.0 0.0
   A 0.0 0.0 0.0 0.0 0.0 0.0 0.0 0.0 0.0
   V 0.0 0.0 0.0 0.0 0.0 0.0 0.0 0.0 0.0
   I 0.0 0.0 0.0 0.0 0.0 0.0 0.0 0.0 0.0
   L 0.0 0.0 0.0 0.0 0.0 0.0 0.0 0.0 0.0
   M 0.0 0.0 0.0 0.0 0.0 0.0 0.0 0.0 0.0
   F 0.0 0.0 0.0 0.0 0.0 0.0 0.0 0.0 0.0
   W 0.0 0.0 0.0 0.0 0.0 0.0 0.0 0.0 0.0
   P 0.0 0.0 0.0 0.0 0.0 0.0 0.0 0.0 0.0

segname PROD -- Pep contact Map : frame 23
  --   1   2   3   4   5   6   7   8   9
  --   S   L   F   N   T   I   A   V   L
   R 0.0 0.0 0.0 1.8 3.7 0.0 0.0 0.0 0.0
   H 0.0 0.0 0.0 0.0 0.0 0.0 0.0 0.0 0.0
   K 0.0 0.0 0.0 0.0 0.0 0.0 0.0 0.0 0.0
   D 0.0 0.0 0.0 0.0 0.0 0.0 0.0 0.0 0.0
   E 0.0 0.0 0.0 0.0 0.0 0.0 0.0 0.0 0.0
   S 0.0 0.0 0.0 0.0 0.0 0.0 0.0 0.0 0.0
   T 0.0 0.0 0.0 0.0 0.0 0.0 0.0 0.0 0.0
   N 0.0 0.0 0.5 0.6 0.0 0.0 0.0 0.0 0.0
   Q 0.0 0.0 1.1 4.5 2.3 0.0 0.0 0.0 0.0
   C 0.0 0.0 0.0 0.0 0.0 0.0 0.0 0.0 0.0
   G 0.0 0.0 0.0 0.0 0.0 0.0 0.0 0.0 0.0
   Y 0.0 0.0 0.0 4.2 1.0 0.2 0.0 0.0 0.0
   A 0.0 0.0 0.0 0.0 0.0 0.0 0.0 0.0 0.0
   V 0.0 0.0 0.0 0.0 0.0 0.0 0.0 0.0 0.0
   I 0.0 0.0 0.0 0.0 0.0 0.0 0.0 0.0 0.0
   L 0.0 0.0 0.0 0.0 0.0 0.0 0.0 0.0 0.0
   M 0.0 0.0 0.0 0.0 0.0 0.0 0.0 0.0 0.0
   F 0.0 0.0 0.0 0.0 0.0 0.0 0.0 0.0 0.0
   W 0.0 0.0 0.0 0.0 0.0 0.0 0.0 0.0 0.0
   P 0.0 0.0 0.0 0.0 0.0 0.0 0.0 0.0 0.0

segname PROD -- Pep contact Map : frame 24
  --   1   2   3   4   5   6   7   8   9
  --   S   L   F   N   T   I   A   V   L
   R 0.0 0.0 0.0 1.9 3.7 0.0 0.0 0.0 0.0
   H 0.0 0.0 0.0 0.0 0.0 0.0 0.0 0.0 0.0
   K 0.0 0.0 0.0 0.0 0.0 0.0 0.0 0.0 0.0
   D 0.0 0.0 0.0 0.0 0.0 0.0 0.0 0.0 0.0
   E 0.0 0.0 0.0 0.0 0.0 0.0 0.0 0.0 0.0
   S 0.0 0.0 0.0 0.0 0.0 0.0 0.0 0.0 0.0
   T 0.0 0.0 0.0 0.0 0.0 0.0 0.0 0.0 0.0
   N 0.0 0.0 0.5 0.6 0.0 0.0 0.0 0.0 0.0
   Q 0.0 0.0 1.1 4.5 2.3 0.0 0.0 0.0 0.0
   C 0.0 0.0 0.0 0.0 0.0 0.0 0.0 0.0 0.0
   G 0.0 0.0 0.0 0.0 0.0 0.0 0.0 0.0 0.0
   Y 0.0 0.0 0.0 4.2 1.0 0.3 0.0 0.0 0.0
   A 0.0 0.0 0.0 0.0 0.0 0.0 0.0 0.0 0.0
   V 0.0 0.0 0.0 0.0 0.0 0.0 0.0 0.0 0.0
   I 0.0 0.0 0.0 0.0 0.0 0.0 0.0 0.0 0.0
   L 0.0 0.0 0.0 0.0 0.0 0.0 0.0 0.0 0.0
   M 0.0 0.0 0.0 0.0 0.0 0.0 0.0 0.0 0.0
   F 0.0 0.0 0.0 0.0 0.0 0.0 0.0 0.0 0.0
   W 0.0 0.0 0.0 0.0 0.0 0.0 0.0 0.0 0.0
   P 0.0 0.0 0.0 0.0 0.0 0.0 0.0 0.0 0.0

segname PROD -- Pep contact Map : frame 25
  --   1   2   3   4   5   6   7   8   9
  --   S   L   F   N   T   I   A   V   L
   R 0.0 0.0 0.0 1.8 3.7 0.0 0.0 0.0 0.0
   H 0.0 0.0 0.0 0.0 0.0 0.0 0.0 0.0 0.0
   K 0.0 0.0 0.0 0.0 0.0 0.0 0.0 0.0 0.0
   D 0.0 0.0 0.0 0.0 0.0 0.0 0.0 0.0 0.0
   E 0.0 0.0 0.0 0.0 0.0 0.0 0.0 0.0 0.0
   S 0.0 0.0 0.0 0.0 0.0 0.0 0.0 0.0 0.0
   T 0.0 0.0 0.0 0.0 0.0 0.0 0.0 0.0 0.0
   N 0.0 0.0 0.5 0.7 0.0 0.0 0.0 0.0 0.0
   Q 0.0 0.0 1.0 4.5 2.3 0.0 0.0 0.0 0.0
   C 0.0 0.0 0.0 0.0 0.0 0.0 0.0 0.0 0.0
   G 0.0 0.0 0.0 0.0 0.0 0.0 0.0 0.0 0.0
   Y 0.0 0.0 0.0 4.3 1.1 0.3 0.0 0.0 0.0
   A 0.0 0.0 0.0 0.0 0.0 0.0 0.0 0.0 0.0
   V 0.0 0.0 0.0 0.0 0.0 0.0 0.0 0.0 0.0
   I 0.0 0.0 0.0 0.0 0.0 0.0 0.0 0.0 0.0
   L 0.0 0.0 0.0 0.0 0.0 0.0 0.0 0.0 0.0
   M 0.0 0.0 0.0 0.0 0.0 0.0 0.0 0.0 0.0
   F 0.0 0.0 0.0 0.0 0.0 0.0 0.0 0.0 0.0
   W 0.0 0.0 0.0 0.0 0.0 0.0 0.0 0.0 0.0
   P 0.0 0.0 0.0 0.0 0.0 0.0 0.0 0.0 0.0

segname PROD -- Pep contact Map : frame 26
  --   1   2   3   4   5   6   7   8   9
  --   S   L   F   N   T   I   A   V   L
   R 0.0 0.0 0.0 1.9 3.7 0.0 0.0 0.0 0.0
   H 0.0 0.0 0.0 0.0 0.0 0.0 0.0 0.0 0.0
   K 0.0 0.0 0.0 0.0 0.0 0.0 0.0 0.0 0.0
   D 0.0 0.0 0.0 0.0 0.0 0.0 0.0 0.0 0.0
   E 0.0 0.0 0.0 0.0 0.0 0.0 0.0 0.0 0.0
   S 0.0 0.0 0.0 0.0 0.0 0.0 0.0 0.0 0.0
   T 0.0 0.0 0.0 0.0 0.0 0.0 0.0 0.0 0.0
   N 0.0 0.0 0.4 0.7 0.0 0.0 0.0 0.0 0.0
   Q 0.0 0.0 1.0 4.6 2.3 0.0 0.0 0.0 0.0
   C 0.0 0.0 0.0 0.0 0.0 0.0 0.0 0.0 0.0
   G 0.0 0.0 0.0 0.0 0.0 0.0 0.0 0.0 0.0
   Y 0.0 0.0 0.0 4.3 1.1 0.3 0.0 0.0 0.0
   A 0.0 0.0 0.0 0.0 0.0 0.0 0.0 0.0 0.0
   V 0.0 0.0 0.0 0.0 0.0 0.0 0.0 0.0 0.0
   I 0.0 0.0 0.0 0.0 0.0 0.0 0.0 0.0 0.0
   L 0.0 0.0 0.0 0.0 0.0 0.0 0.0 0.0 0.0
   M 0.0 0.0 0.0 0.0 0.0 0.0 0.0 0.0 0.0
   F 0.0 0.0 0.0 0.0 0.0 0.0 0.0 0.0 0.0
   W 0.0 0.0 0.0 0.0 0.0 0.0 0.0 0.0 0.0
   P 0.0 0.0 0.0 0.0 0.0 0.0 0.0 0.0 0.0

segname PROD -- Pep contact Map : frame 27
  --   1   2   3   4   5   6   7   8   9
  --   S   L   F   N   T   I   A   V   L
   R 0.0 0.0 0.0 1.8 3.7 0.0 0.0 0.0 0.0
   H 0.0 0.0 0.0 0.0 0.0 0.0 0.0 0.0 0.0
   K 0.0 0.0 0.0 0.0 0.0 0.0 0.0 0.0 0.0
   D 0.0 0.0 0.0 0.0 0.0 0.0 0.0 0.0 0.0
   E 0.0 0.0 0.0 0.0 0.0 0.0 0.0 0.0 0.0
   S 0.0 0.0 0.0 0.0 0.0 0.0 0.0 0.0 0.0
   T 0.0 0.0 0.0 0.0 0.0 0.0 0.0 0.0 0.0
   N 0.0 0.0 0.4 0.7 0.0 0.0 0.0 0.0 0.0
   Q 0.0 0.0 1.0 4.6 2.2 0.0 0.0 0.0 0.0
   C 0.0 0.0 0.0 0.0 0.0 0.0 0.0 0.0 0.0
   G 0.0 0.0 0.0 0.0 0.0 0.0 0.0 0.0 0.0
   Y 0.0 0.0 0.0 4.3 1.1 0.2 0.0 0.0 0.0
   A 0.0 0.0 0.0 0.0 0.0 0.0 0.0 0.0 0.0
   V 0.0 0.0 0.0 0.0 0.0 0.0 0.0 0.0 0.0
   I 0.0 0.0 0.0 0.0 0.0 0.0 0.0 0.0 0.0
   L 0.0 0.0 0.0 0.0 0.0 0.0 0.0 0.0 0.0
   M 0.0 0.0 0.0 0.0 0.0 0.0 0.0 0.0 0.0
   F 0.0 0.0 0.0 0.0 0.0 0.0 0.0 0.0 0.0
   W 0.0 0.0 0.0 0.0 0.0 0.0 0.0 0.0 0.0
   P 0.0 0.0 0.0 0.0 0.0 0.0 0.0 0.0 0.0

segname PROD -- Pep contact Map : frame 28
  --   1   2   3   4   5   6   7   8   9
  --   S   L   F   N   T   I   A   V   L
   R 0.0 0.0 0.0 1.9 3.7 0.0 0.0 0.0 0.0
   H 0.0 0.0 0.0 0.0 0.0 0.0 0.0 0.0 0.0
   K 0.0 0.0 0.0 0.0 0.0 0.0 0.0 0.0 0.0
   D 0.0 0.0 0.0 0.0 0.0 0.0 0.0 0.0 0.0
   E 0.0 0.0 0.0 0.0 0.0 0.0 0.0 0.0 0.0
   S 0.0 0.0 0.0 0.0 0.0 0.0 0.0 0.0 0.0
   T 0.0 0.0 0.0 0.0 0.0 0.0 0.0 0.0 0.0
   N 0.0 0.0 0.4 0.8 0.0 0.0 0.0 0.0 0.0
   Q 0.0 0.0 1.0 4.6 2.2 0.0 0.0 0.0 0.0
   C 0.0 0.0 0.0 0.0 0.0 0.0 0.0 0.0 0.0
   G 0.0 0.0 0.0 0.0 0.0 0.0 0.0 0.0 0.0
   Y 0.0 0.0 0.0 4.3 1.1 0.2 0.0 0.0 0.0
   A 0.0 0.0 0.0 0.0 0.0 0.0 0.0 0.0 0.0
   V 0.0 0.0 0.0 0.0 0.0 0.0 0.0 0.0 0.0
   I 0.0 0.0 0.0 0.0 0.0 0.0 0.0 0.0 0.0
   L 0.0 0.0 0.0 0.0 0.0 0.0 0.0 0.0 0.0
   M 0.0 0.0 0.0 0.0 0.0 0.0 0.0 0.0 0.0
   F 0.0 0.0 0.0 0.0 0.0 0.0 0.0 0.0 0.0
   W 0.0 0.0 0.0 0.0 0.0 0.0 0.0 0.0 0.0
   P 0.0 0.0 0.0 0.0 0.0 0.0 0.0 0.0 0.0

segname PROD -- Pep contact Map : frame 29
  --   1   2   3   4   5   6   7   8   9
  --   S   L   F   N   T   I   A   V   L
   R 0.0 0.0 0.0 1.9 3.7 0.0 0.0 0.0 0.0
   H 0.0 0.0 0.0 0.0 0.0 0.0 0.0 0.0 0.0
   K 0.0 0.0 0.0 0.0 0.0 0.0 0.0 0.0 0.0
   D 0.0 0.0 0.0 0.0 0.0 0.0 0.0 0.0 0.0
   E 0.0 0.0 0.0 0.0 0.0 0.0 0.0 0.0 0.0
   S 0.0 0.0 0.0 0.0 0.0 0.0 0.0 0.0 0.0
   T 0.0 0.0 0.0 0.0 0.0 0.0 0.0 0.0 0.0
   N 0.0 0.0 0.5 0.8 0.0 0.0 0.0 0.0 0.0
   Q 0.0 0.0 1.0 4.6 2.2 0.0 0.0 0.0 0.0
   C 0.0 0.0 0.0 0.0 0.0 0.0 0.0 0.0 0.0
   G 0.0 0.0 0.0 0.0 0.0 0.0 0.0 0.0 0.0
   Y 0.0 0.0 0.0 4.3 1.1 0.2 0.0 0.0 0.0
   A 0.0 0.0 0.0 0.0 0.0 0.0 0.0 0.0 0.0
   V 0.0 0.0 0.0 0.0 0.0 0.0 0.0 0.0 0.0
   I 0.0 0.0 0.0 0.0 0.0 0.0 0.0 0.0 0.0
   L 0.0 0.0 0.0 0.0 0.0 0.0 0.0 0.0 0.0
   M 0.0 0.0 0.0 0.0 0.0 0.0 0.0 0.0 0.0
   F 0.0 0.0 0.0 0.0 0.0 0.0 0.0 0.0 0.0
   W 0.0 0.0 0.0 0.0 0.0 0.0 0.0 0.0 0.0
   P 0.0 0.0 0.0 0.0 0.0 0.0 0.0 0.0 0.0

segname PROD -- Pep contact Map : frame 30
  --   1   2   3   4   5   6   7   8   9
  --   S   L   F   N   T   I   A   V   L
   R 0.0 0.0 0.0 1.8 3.7 0.0 0.0 0.0 0.0
   H 0.0 0.0 0.0 0.0 0.0 0.0 0.0 0.0 0.0
   K 0.0 0.0 0.0 0.0 0.0 0.0 0.0 0.0 0.0
   D 0.0 0.0 0.0 0.0 0.0 0.0 0.0 0.0 0.0
   E 0.0 0.0 0.0 0.0 0.0 0.0 0.0 0.0 0.0
   S 0.0 0.0 0.0 0.0 0.0 0.0 0.0 0.0 0.0
   T 0.0 0.0 0.0 0.0 0.0 0.0 0.0 0.0 0.0
   N 0.0 0.0 0.5 0.8 0.0 0.0 0.0 0.0 0.0
   Q 0.0 0.0 1.0 4.6 2.2 0.0 0.0 0.0 0.0
   C 0.0 0.0 0.0 0.0 0.0 0.0 0.0 0.0 0.0
   G 0.0 0.0 0.0 0.0 0.0 0.0 0.0 0.0 0.0
   Y 0.0 0.0 0.0 4.3 1.2 0.3 0.0 0.0 0.0
   A 0.0 0.0 0.0 0.0 0.0 0.0 0.0 0.0 0.0
   V 0.0 0.0 0.0 0.0 0.0 0.0 0.0 0.0 0.0
   I 0.0 0.0 0.0 0.0 0.0 0.0 0.0 0.0 0.0
   L 0.0 0.0 0.0 0.0 0.0 0.0 0.0 0.0 0.0
   M 0.0 0.0 0.0 0.0 0.0 0.0 0.0 0.0 0.0
   F 0.0 0.0 0.0 0.0 0.0 0.0 0.0 0.0 0.0
   W 0.0 0.0 0.0 0.0 0.0 0.0 0.0 0.0 0.0
   P 0.0 0.0 0.0 0.0 0.0 0.0 0.0 0.0 0.0

segname PROD -- Pep contact Map : frame 31
  --   1   2   3   4   5   6   7   8   9
  --   S   L   F   N   T   I   A   V   L
   R 0.0 0.0 0.0 1.9 3.8 0.0 0.0 0.0 0.0
   H 0.0 0.0 0.0 0.0 0.0 0.0 0.0 0.0 0.0
   K 0.0 0.0 0.0 0.0 0.0 0.0 0.0 0.0 0.0
   D 0.0 0.0 0.0 0.0 0.0 0.0 0.0 0.0 0.0
   E 0.0 0.0 0.0 0.0 0.0 0.0 0.0 0.0 0.0
   S 0.0 0.0 0.0 0.0 0.0 0.0 0.0 0.0 0.0
   T 0.0 0.0 0.0 0.0 0.0 0.0 0.0 0.0 0.0
   N 0.0 0.0 0.5 0.8 0.0 0.0 0.0 0.0 0.0
   Q 0.0 0.0 1.0 4.6 2.1 0.0 0.0 0.0 0.0
   C 0.0 0.0 0.0 0.0 0.0 0.0 0.0 0.0 0.0
   G 0.0 0.0 0.0 0.0 0.0 0.0 0.0 0.0 0.0
   Y 0.0 0.0 0.0 4.2 1.2 0.3 0.0 0.0 0.0
   A 0.0 0.0 0.0 0.0 0.0 0.0 0.0 0.0 0.0
   V 0.0 0.0 0.0 0.0 0.0 0.0 0.0 0.0 0.0
   I 0.0 0.0 0.0 0.0 0.0 0.0 0.0 0.0 0.0
   L 0.0 0.0 0.0 0.0 0.0 0.0 0.0 0.0 0.0
   M 0.0 0.0 0.0 0.0 0.0 0.0 0.0 0.0 0.0
   F 0.0 0.0 0.0 0.0 0.0 0.0 0.0 0.0 0.0
   W 0.0 0.0 0.0 0.0 0.0 0.0 0.0 0.0 0.0
   P 0.0 0.0 0.0 0.0 0.0 0.0 0.0 0.0 0.0

segname PROD -- Pep contact Map : frame 32
  --   1   2   3   4   5   6   7   8   9
  --   S   L   F   N   T   I   A   V   L
   R 0.0 0.0 0.0 1.8 3.8 0.0 0.0 0.0 0.0
   H 0.0 0.0 0.0 0.0 0.0 0.0 0.0 0.0 0.0
   K 0.0 0.0 0.0 0.0 0.0 0.0 0.0 0.0 0.0
   D 0.0 0.0 0.0 0.0 0.0 0.0 0.0 0.0 0.0
   E 0.0 0.0 0.0 0.0 0.0 0.0 0.0 0.0 0.0
   S 0.0 0.0 0.0 0.0 0.0 0.0 0.0 0.0 0.0
   T 0.0 0.0 0.0 0.0 0.0 0.0 0.0 0.0 0.0
   N 0.0 0.0 0.5 0.8 0.0 0.0 0.0 0.0 0.0
   Q 0.0 0.0 1.0 4.6 2.2 0.0 0.0 0.0 0.0
   C 0.0 0.0 0.0 0.0 0.0 0.0 0.0 0.0 0.0
   G 0.0 0.0 0.0 0.0 0.0 0.0 0.0 0.0 0.0
   Y 0.0 0.0 0.0 4.2 1.2 0.3 0.0 0.0 0.0
   A 0.0 0.0 0.0 0.0 0.0 0.0 0.0 0.0 0.0
   V 0.0 0.0 0.0 0.0 0.0 0.0 0.0 0.0 0.0
   I 0.0 0.0 0.0 0.0 0.0 0.0 0.0 0.0 0.0
   L 0.0 0.0 0.0 0.0 0.0 0.0 0.0 0.0 0.0
   M 0.0 0.0 0.0 0.0 0.0 0.0 0.0 0.0 0.0
   F 0.0 0.0 0.0 0.0 0.0 0.0 0.0 0.0 0.0
   W 0.0 0.0 0.0 0.0 0.0 0.0 0.0 0.0 0.0
   P 0.0 0.0 0.0 0.0 0.0 0.0 0.0 0.0 0.0

segname PROD -- Pep contact Map : frame 33
  --   1   2   3   4   5   6   7   8   9
  --   S   L   F   N   T   I   A   V   L
   R 0.0 0.0 0.0 1.8 3.7 0.0 0.0 0.0 0.0
   H 0.0 0.0 0.0 0.0 0.0 0.0 0.0 0.0 0.0
   K 0.0 0.0 0.0 0.0 0.0 0.0 0.0 0.0 0.0
   D 0.0 0.0 0.0 0.0 0.0 0.0 0.0 0.0 0.0
   E 0.0 0.0 0.0 0.0 0.0 0.0 0.0 0.0 0.0
   S 0.0 0.0 0.0 0.0 0.0 0.0 0.0 0.0 0.0
   T 0.0 0.0 0.0 0.0 0.0 0.0 0.0 0.0 0.0
   N 0.0 0.0 0.5 0.8 0.0 0.0 0.0 0.0 0.0
   Q 0.0 0.0 1.0 4.6 2.1 0.0 0.0 0.0 0.0
   C 0.0 0.0 0.0 0.0 0.0 0.0 0.0 0.0 0.0
   G 0.0 0.0 0.0 0.0 0.0 0.0 0.0 0.0 0.0
   Y 0.0 0.0 0.0 4.2 1.2 0.3 0.0 0.0 0.0
   A 0.0 0.0 0.0 0.0 0.0 0.0 0.0 0.0 0.0
   V 0.0 0.0 0.0 0.0 0.0 0.0 0.0 0.0 0.0
   I 0.0 0.0 0.0 0.0 0.0 0.0 0.0 0.0 0.0
   L 0.0 0.0 0.0 0.0 0.0 0.0 0.0 0.0 0.0
   M 0.0 0.0 0.0 0.0 0.0 0.0 0.0 0.0 0.0
   F 0.0 0.0 0.0 0.0 0.0 0.0 0.0 0.0 0.0
   W 0.0 0.0 0.0 0.0 0.0 0.0 0.0 0.0 0.0
   P 0.0 0.0 0.0 0.0 0.0 0.0 0.0 0.0 0.0

segname PROD -- Pep contact Map : frame 34
  --   1   2   3   4   5   6   7   8   9
  --   S   L   F   N   T   I   A   V   L
   R 0.0 0.0 0.0 1.9 3.7 0.0 0.0 0.0 0.0
   H 0.0 0.0 0.0 0.0 0.0 0.0 0.0 0.0 0.0
   K 0.0 0.0 0.0 0.0 0.0 0.0 0.0 0.0 0.0
   D 0.0 0.0 0.0 0.0 0.0 0.0 0.0 0.0 0.0
   E 0.0 0.0 0.0 0.0 0.0 0.0 0.0 0.0 0.0
   S 0.0 0.0 0.0 0.0 0.0 0.0 0.0 0.0 0.0
   T 0.0 0.0 0.0 0.0 0.0 0.0 0.0 0.0 0.0
   N 0.0 0.0 0.5 0.8 0.0 0.0 0.0 0.0 0.0
   Q 0.0 0.0 1.0 4.6 2.1 0.0 0.0 0.0 0.0
   C 0.0 0.0 0.0 0.0 0.0 0.0 0.0 0.0 0.0
   G 0.0 0.0 0.0 0.0 0.0 0.0 0.0 0.0 0.0
   Y 0.0 0.0 0.0 4.3 1.2 0.3 0.0 0.0 0.0
   A 0.0 0.0 0.0 0.0 0.0 0.0 0.0 0.0 0.0
   V 0.0 0.0 0.0 0.0 0.0 0.0 0.0 0.0 0.0
   I 0.0 0.0 0.0 0.0 0.0 0.0 0.0 0.0 0.0
   L 0.0 0.0 0.0 0.0 0.0 0.0 0.0 0.0 0.0
   M 0.0 0.0 0.0 0.0 0.0 0.0 0.0 0.0 0.0
   F 0.0 0.0 0.0 0.0 0.0 0.0 0.0 0.0 0.0
   W 0.0 0.0 0.0 0.0 0.0 0.0 0.0 0.0 0.0
   P 0.0 0.0 0.0 0.0 0.0 0.0 0.0 0.0 0.0

segname PROD -- Pep contact Map : frame 35
  --   1   2   3   4   5   6   7   8   9
  --   S   L   F   N   T   I   A   V   L
   R 0.0 0.0 0.0 1.8 3.8 0.0 0.0 0.0 0.0
   H 0.0 0.0 0.0 0.0 0.0 0.0 0.0 0.0 0.0
   K 0.0 0.0 0.0 0.0 0.0 0.0 0.0 0.0 0.0
   D 0.0 0.0 0.0 0.0 0.0 0.0 0.0 0.0 0.0
   E 0.0 0.0 0.0 0.0 0.0 0.0 0.0 0.0 0.0
   S 0.0 0.0 0.0 0.0 0.0 0.0 0.0 0.0 0.0
   T 0.0 0.0 0.0 0.0 0.0 0.0 0.0 0.0 0.0
   N 0.0 0.0 0.5 0.8 0.0 0.0 0.0 0.0 0.0
   Q 0.0 0.0 1.0 4.6 2.2 0.0 0.0 0.0 0.0
   C 0.0 0.0 0.0 0.0 0.0 0.0 0.0 0.0 0.0
   G 0.0 0.0 0.0 0.0 0.0 0.0 0.0 0.0 0.0
   Y 0.0 0.0 0.0 4.2 1.2 0.3 0.0 0.0 0.0
   A 0.0 0.0 0.0 0.0 0.0 0.0 0.0 0.0 0.0
   V 0.0 0.0 0.0 0.0 0.0 0.0 0.0 0.0 0.0
   I 0.0 0.0 0.0 0.0 0.0 0.0 0.0 0.0 0.0
   L 0.0 0.0 0.0 0.0 0.0 0.0 0.0 0.0 0.0
   M 0.0 0.0 0.0 0.0 0.0 0.0 0.0 0.0 0.0
   F 0.0 0.0 0.0 0.0 0.0 0.0 0.0 0.0 0.0
   W 0.0 0.0 0.0 0.0 0.0 0.0 0.0 0.0 0.0
   P 0.0 0.0 0.0 0.0 0.0 0.0 0.0 0.0 0.0

segname PROD -- Pep contact Map : frame 36
  --   1   2   3   4   5   6   7   8   9
  --   S   L   F   N   T   I   A   V   L
   R 0.0 0.0 0.0 1.8 3.8 0.0 0.0 0.0 0.0
   H 0.0 0.0 0.0 0.0 0.0 0.0 0.0 0.0 0.0
   K 0.0 0.0 0.0 0.0 0.0 0.0 0.0 0.0 0.0
   D 0.0 0.0 0.0 0.0 0.0 0.0 0.0 0.0 0.0
   E 0.0 0.0 0.0 0.0 0.0 0.0 0.0 0.0 0.0
   S 0.0 0.0 0.0 0.0 0.0 0.0 0.0 0.0 0.0
   T 0.0 0.0 0.0 0.0 0.0 0.0 0.0 0.0 0.0
   N 0.0 0.0 0.6 0.8 0.0 0.0 0.0 0.0 0.0
   Q 0.0 0.0 1.0 4.6 2.1 0.0 0.0 0.0 0.0
   C 0.0 0.0 0.0 0.0 0.0 0.0 0.0 0.0 0.0
   G 0.0 0.0 0.0 0.0 0.0 0.0 0.0 0.0 0.0
   Y 0.0 0.0 0.0 4.3 1.2 0.3 0.0 0.0 0.0
   A 0.0 0.0 0.0 0.0 0.0 0.0 0.0 0.0 0.0
   V 0.0 0.0 0.0 0.0 0.0 0.0 0.0 0.0 0.0
   I 0.0 0.0 0.0 0.0 0.0 0.0 0.0 0.0 0.0
   L 0.0 0.0 0.0 0.0 0.0 0.0 0.0 0.0 0.0
   M 0.0 0.0 0.0 0.0 0.0 0.0 0.0 0.0 0.0
   F 0.0 0.0 0.0 0.0 0.0 0.0 0.0 0.0 0.0
   W 0.0 0.0 0.0 0.0 0.0 0.0 0.0 0.0 0.0
   P 0.0 0.0 0.0 0.0 0.0 0.0 0.0 0.0 0.0

segname PROD -- Pep contact Map : frame 37
  --   1   2   3   4   5   6   7   8   9
  --   S   L   F   N   T   I   A   V   L
   R 0.0 0.0 0.0 1.8 3.8 0.0 0.0 0.0 0.0
   H 0.0 0.0 0.0 0.0 0.0 0.0 0.0 0.0 0.0
   K 0.0 0.0 0.0 0.0 0.0 0.0 0.0 0.0 0.0
   D 0.0 0.0 0.0 0.0 0.0 0.0 0.0 0.0 0.0
   E 0.0 0.0 0.0 0.0 0.0 0.0 0.0 0.0 0.0
   S 0.0 0.0 0.0 0.0 0.0 0.0 0.0 0.0 0.0
   T 0.0 0.0 0.0 0.0 0.0 0.0 0.0 0.0 0.0
   N 0.0 0.0 0.6 0.8 0.0 0.0 0.0 0.0 0.0
   Q 0.0 0.0 1.0 4.6 2.2 0.0 0.0 0.0 0.0
   C 0.0 0.0 0.0 0.0 0.0 0.0 0.0 0.0 0.0
   G 0.0 0.0 0.0 0.0 0.0 0.0 0.0 0.0 0.0
   Y 0.0 0.0 0.0 4.3 1.3 0.3 0.0 0.0 0.0
   A 0.0 0.0 0.0 0.0 0.0 0.0 0.0 0.0 0.0
   V 0.0 0.0 0.0 0.0 0.0 0.0 0.0 0.0 0.0
   I 0.0 0.0 0.0 0.0 0.0 0.0 0.0 0.0 0.0
   L 0.0 0.0 0.0 0.0 0.0 0.0 0.0 0.0 0.0
   M 0.0 0.0 0.0 0.0 0.0 0.0 0.0 0.0 0.0
   F 0.0 0.0 0.0 0.0 0.0 0.0 0.0 0.0 0.0
   W 0.0 0.0 0.0 0.0 0.0 0.0 0.0 0.0 0.0
   P 0.0 0.0 0.0 0.0 0.0 0.0 0.0 0.0 0.0

segname PROD -- Pep contact Map : frame 38
  --   1   2   3   4   5   6   7   8   9
  --   S   L   F   N   T   I   A   V   L
   R 0.0 0.0 0.0 1.8 3.8 0.0 0.0 0.0 0.0
   H 0.0 0.0 0.0 0.0 0.0 0.0 0.0 0.0 0.0
   K 0.0 0.0 0.0 0.0 0.0 0.0 0.0 0.0 0.0
   D 0.0 0.0 0.0 0.0 0.0 0.0 0.0 0.0 0.0
   E 0.0 0.0 0.0 0.0 0.0 0.0 0.0 0.0 0.0
   S 0.0 0.0 0.0 0.0 0.0 0.0 0.0 0.0 0.0
   T 0.0 0.0 0.0 0.0 0.0 0.0 0.0 0.0 0.0
   N 0.0 0.0 0.6 0.8 0.0 0.0 0.0 0.0 0.0
   Q 0.0 0.0 1.0 4.6 2.1 0.0 0.0 0.0 0.0
   C 0.0 0.0 0.0 0.0 0.0 0.0 0.0 0.0 0.0
   G 0.0 0.0 0.0 0.0 0.0 0.0 0.0 0.0 0.0
   Y 0.0 0.0 0.0 4.4 1.3 0.3 0.0 0.0 0.0
   A 0.0 0.0 0.0 0.0 0.0 0.0 0.0 0.0 0.0
   V 0.0 0.0 0.0 0.0 0.0 0.0 0.0 0.0 0.0
   I 0.0 0.0 0.0 0.0 0.0 0.0 0.0 0.0 0.0
   L 0.0 0.0 0.0 0.0 0.0 0.0 0.0 0.0 0.0
   M 0.0 0.0 0.0 0.0 0.0 0.0 0.0 0.0 0.0
   F 0.0 0.0 0.0 0.0 0.0 0.0 0.0 0.0 0.0
   W 0.0 0.0 0.0 0.0 0.0 0.0 0.0 0.0 0.0
   P 0.0 0.0 0.0 0.0 0.0 0.0 0.0 0.0 0.0

segname PROD -- Pep contact Map : frame 39
  --   1   2   3   4   5   6   7   8   9
  --   S   L   F   N   T   I   A   V   L
   R 0.0 0.0 0.0 1.8 3.8 0.0 0.0 0.0 0.0
   H 0.0 0.0 0.0 0.0 0.0 0.0 0.0 0.0 0.0
   K 0.0 0.0 0.0 0.0 0.0 0.0 0.0 0.0 0.0
   D 0.0 0.0 0.0 0.0 0.0 0.0 0.0 0.0 0.0
   E 0.0 0.0 0.0 0.0 0.0 0.0 0.0 0.0 0.0
   S 0.0 0.0 0.0 0.0 0.0 0.0 0.0 0.0 0.0
   T 0.0 0.0 0.0 0.0 0.0 0.0 0.0 0.0 0.0
   N 0.0 0.0 0.6 0.8 0.0 0.0 0.0 0.0 0.0
   Q 0.0 0.0 1.0 4.6 2.1 0.0 0.0 0.0 0.0
   C 0.0 0.0 0.0 0.0 0.0 0.0 0.0 0.0 0.0
   G 0.0 0.0 0.0 0.0 0.0 0.0 0.0 0.0 0.0
   Y 0.0 0.0 0.0 4.4 1.3 0.3 0.0 0.0 0.0
   A 0.0 0.0 0.0 0.0 0.0 0.0 0.0 0.0 0.0
   V 0.0 0.0 0.0 0.0 0.0 0.0 0.0 0.0 0.0
   I 0.0 0.0 0.0 0.0 0.0 0.0 0.0 0.0 0.0
   L 0.0 0.0 0.0 0.0 0.0 0.0 0.0 0.0 0.0
   M 0.0 0.0 0.0 0.0 0.0 0.0 0.0 0.0 0.0
   F 0.0 0.0 0.0 0.0 0.0 0.0 0.0 0.0 0.0
   W 0.0 0.0 0.0 0.0 0.0 0.0 0.0 0.0 0.0
   P 0.0 0.0 0.0 0.0 0.0 0.0 0.0 0.0 0.0

segname PROD -- Pep contact Map : frame 40
  --   1   2   3   4   5   6   7   8   9
  --   S   L   F   N   T   I   A   V   L
   R 0.0 0.0 0.0 1.8 3.8 0.0 0.0 0.0 0.0
   H 0.0 0.0 0.0 0.0 0.0 0.0 0.0 0.0 0.0
   K 0.0 0.0 0.0 0.0 0.0 0.0 0.0 0.0 0.0
   D 0.0 0.0 0.0 0.0 0.0 0.0 0.0 0.0 0.0
   E 0.0 0.0 0.0 0.0 0.0 0.0 0.0 0.0 0.0
   S 0.0 0.0 0.0 0.0 0.0 0.0 0.0 0.0 0.0
   T 0.0 0.0 0.0 0.0 0.0 0.0 0.0 0.0 0.0
   N 0.0 0.0 0.6 0.8 0.0 0.0 0.0 0.0 0.0
   Q 0.0 0.0 1.0 4.6 2.1 0.0 0.0 0.0 0.0
   C 0.0 0.0 0.0 0.0 0.0 0.0 0.0 0.0 0.0
   G 0.0 0.0 0.0 0.0 0.0 0.0 0.0 0.0 0.0
   Y 0.0 0.0 0.0 4.4 1.3 0.3 0.0 0.0 0.0
   A 0.0 0.0 0.0 0.0 0.0 0.0 0.0 0.0 0.0
   V 0.0 0.0 0.0 0.0 0.0 0.0 0.0 0.0 0.0
   I 0.0 0.0 0.0 0.0 0.0 0.0 0.0 0.0 0.0
   L 0.0 0.0 0.0 0.0 0.0 0.0 0.0 0.0 0.0
   M 0.0 0.0 0.0 0.0 0.0 0.0 0.0 0.0 0.0
   F 0.0 0.0 0.0 0.0 0.0 0.0 0.0 0.0 0.0
   W 0.0 0.0 0.0 0.0 0.0 0.0 0.0 0.0 0.0
   P 0.0 0.0 0.0 0.0 0.0 0.0 0.0 0.0 0.0

segname PROD -- Pep contact Map : frame 41
  --   1   2   3   4   5   6   7   8   9
  --   S   L   F   N   T   I   A   V   L
   R 0.0 0.0 0.0 1.8 3.8 0.0 0.0 0.0 0.0
   H 0.0 0.0 0.0 0.0 0.0 0.0 0.0 0.0 0.0
   K 0.0 0.0 0.0 0.0 0.0 0.0 0.0 0.0 0.0
   D 0.0 0.0 0.0 0.0 0.0 0.0 0.0 0.0 0.0
   E 0.0 0.0 0.0 0.0 0.0 0.0 0.0 0.0 0.0
   S 0.0 0.0 0.0 0.0 0.0 0.0 0.0 0.0 0.0
   T 0.0 0.0 0.0 0.0 0.0 0.0 0.0 0.0 0.0
   N 0.0 0.0 0.6 0.8 0.0 0.0 0.0 0.0 0.0
   Q 0.0 0.0 1.0 4.6 2.1 0.0 0.0 0.0 0.0
   C 0.0 0.0 0.0 0.0 0.0 0.0 0.0 0.0 0.0
   G 0.0 0.0 0.0 0.0 0.0 0.0 0.0 0.0 0.0
   Y 0.0 0.0 0.0 4.4 1.3 0.3 0.0 0.0 0.0
   A 0.0 0.0 0.0 0.0 0.0 0.0 0.0 0.0 0.0
   V 0.0 0.0 0.0 0.0 0.0 0.0 0.0 0.0 0.0
   I 0.0 0.0 0.0 0.0 0.0 0.0 0.0 0.0 0.0
   L 0.0 0.0 0.0 0.0 0.0 0.0 0.0 0.0 0.0
   M 0.0 0.0 0.0 0.0 0.0 0.0 0.0 0.0 0.0
   F 0.0 0.0 0.0 0.0 0.0 0.0 0.0 0.0 0.0
   W 0.0 0.0 0.0 0.0 0.0 0.0 0.0 0.0 0.0
   P 0.0 0.0 0.0 0.0 0.0 0.0 0.0 0.0 0.0

segname PROD -- Pep contact Map : frame 42
  --   1   2   3   4   5   6   7   8   9
  --   S   L   F   N   T   I   A   V   L
   R 0.0 0.0 0.0 1.7 3.7 0.0 0.0 0.0 0.0
   H 0.0 0.0 0.0 0.0 0.0 0.0 0.0 0.0 0.0
   K 0.0 0.0 0.0 0.0 0.0 0.0 0.0 0.0 0.0
   D 0.0 0.0 0.0 0.0 0.0 0.0 0.0 0.0 0.0
   E 0.0 0.0 0.0 0.0 0.0 0.0 0.0 0.0 0.0
   S 0.0 0.0 0.0 0.0 0.0 0.0 0.0 0.0 0.0
   T 0.0 0.0 0.0 0.0 0.0 0.0 0.0 0.0 0.0
   N 0.0 0.0 0.6 0.9 0.0 0.0 0.0 0.0 0.0
   Q 0.0 0.0 1.0 4.6 2.1 0.0 0.0 0.0 0.0
   C 0.0 0.0 0.0 0.0 0.0 0.0 0.0 0.0 0.0
   G 0.0 0.0 0.0 0.0 0.0 0.0 0.0 0.0 0.0
   Y 0.0 0.0 0.0 4.3 1.3 0.3 0.0 0.0 0.0
   A 0.0 0.0 0.0 0.0 0.0 0.0 0.0 0.0 0.0
   V 0.0 0.0 0.0 0.0 0.0 0.0 0.0 0.0 0.0
   I 0.0 0.0 0.0 0.0 0.0 0.0 0.0 0.0 0.0
   L 0.0 0.0 0.0 0.0 0.0 0.0 0.0 0.0 0.0
   M 0.0 0.0 0.0 0.0 0.0 0.0 0.0 0.0 0.0
   F 0.0 0.0 0.0 0.0 0.0 0.0 0.0 0.0 0.0
   W 0.0 0.0 0.0 0.0 0.0 0.0 0.0 0.0 0.0
   P 0.0 0.0 0.0 0.0 0.0 0.0 0.0 0.0 0.0

segname PROD -- Pep contact Map : frame 43
  --   1   2   3   4   5   6   7   8   9
  --   S   L   F   N   T   I   A   V   L
   R 0.0 0.0 0.0 1.8 3.7 0.0 0.0 0.0 0.0
   H 0.0 0.0 0.0 0.0 0.0 0.0 0.0 0.0 0.0
   K 0.0 0.0 0.0 0.0 0.0 0.0 0.0 0.0 0.0
   D 0.0 0.0 0.0 0.0 0.0 0.0 0.0 0.0 0.0
   E 0.0 0.0 0.0 0.0 0.0 0.0 0.0 0.0 0.0
   S 0.0 0.0 0.0 0.0 0.0 0.0 0.0 0.0 0.0
   T 0.0 0.0 0.0 0.0 0.0 0.0 0.0 0.0 0.0
   N 0.0 0.0 0.6 0.9 0.0 0.0 0.0 0.0 0.0
   Q 0.0 0.0 1.0 4.6 2.1 0.0 0.0 0.0 0.0
   C 0.0 0.0 0.0 0.0 0.0 0.0 0.0 0.0 0.0
   G 0.0 0.0 0.0 0.0 0.0 0.0 0.0 0.0 0.0
   Y 0.0 0.0 0.0 4.4 1.3 0.3 0.0 0.0 0.0
   A 0.0 0.0 0.0 0.0 0.0 0.0 0.0 0.0 0.0
   V 0.0 0.0 0.0 0.0 0.0 0.0 0.0 0.0 0.0
   I 0.0 0.0 0.0 0.0 0.0 0.0 0.0 0.0 0.0
   L 0.0 0.0 0.0 0.0 0.0 0.0 0.0 0.0 0.0
   M 0.0 0.0 0.0 0.0 0.0 0.0 0.0 0.0 0.0
   F 0.0 0.0 0.0 0.0 0.0 0.0 0.0 0.0 0.0
   W 0.0 0.0 0.0 0.0 0.0 0.0 0.0 0.0 0.0
   P 0.0 0.0 0.0 0.0 0.0 0.0 0.0 0.0 0.0

segname PROD -- Pep contact Map : frame 44
  --   1   2   3   4   5   6   7   8   9
  --   S   L   F   N   T   I   A   V   L
   R 0.0 0.0 0.0 1.8 3.7 0.0 0.0 0.0 0.0
   H 0.0 0.0 0.0 0.0 0.0 0.0 0.0 0.0 0.0
   K 0.0 0.0 0.0 0.0 0.0 0.0 0.0 0.0 0.0
   D 0.0 0.0 0.0 0.0 0.0 0.0 0.0 0.0 0.0
   E 0.0 0.0 0.0 0.0 0.0 0.0 0.0 0.0 0.0
   S 0.0 0.0 0.0 0.0 0.0 0.0 0.0 0.0 0.0
   T 0.0 0.0 0.0 0.0 0.0 0.0 0.0 0.0 0.0
   N 0.0 0.0 0.6 0.9 0.0 0.0 0.0 0.0 0.0
   Q 0.0 0.0 1.0 4.6 2.1 0.0 0.0 0.0 0.0
   C 0.0 0.0 0.0 0.0 0.0 0.0 0.0 0.0 0.0
   G 0.0 0.0 0.0 0.0 0.0 0.0 0.0 0.0 0.0
   Y 0.0 0.0 0.0 4.5 1.3 0.4 0.0 0.0 0.0
   A 0.0 0.0 0.0 0.0 0.0 0.0 0.0 0.0 0.0
   V 0.0 0.0 0.0 0.0 0.0 0.0 0.0 0.0 0.0
   I 0.0 0.0 0.0 0.0 0.0 0.0 0.0 0.0 0.0
   L 0.0 0.0 0.0 0.0 0.0 0.0 0.0 0.0 0.0
   M 0.0 0.0 0.0 0.0 0.0 0.0 0.0 0.0 0.0
   F 0.0 0.0 0.0 0.0 0.0 0.0 0.0 0.0 0.0
   W 0.0 0.0 0.0 0.0 0.0 0.0 0.0 0.0 0.0
   P 0.0 0.0 0.0 0.0 0.0 0.0 0.0 0.0 0.0

segname PROD -- Pep contact Map : frame 45
  --   1   2   3   4   5   6   7   8   9
  --   S   L   F   N   T   I   A   V   L
   R 0.0 0.0 0.0 1.8 3.7 0.0 0.0 0.0 0.0
   H 0.0 0.0 0.0 0.0 0.0 0.0 0.0 0.0 0.0
   K 0.0 0.0 0.0 0.0 0.0 0.0 0.0 0.0 0.0
   D 0.0 0.0 0.0 0.0 0.0 0.0 0.0 0.0 0.0
   E 0.0 0.0 0.0 0.0 0.0 0.0 0.0 0.0 0.0
   S 0.0 0.0 0.0 0.0 0.0 0.0 0.0 0.0 0.0
   T 0.0 0.0 0.0 0.0 0.0 0.0 0.0 0.0 0.0
   N 0.0 0.0 0.6 0.9 0.0 0.0 0.0 0.0 0.0
   Q 0.0 0.0 1.0 4.6 2.1 0.0 0.0 0.0 0.0
   C 0.0 0.0 0.0 0.0 0.0 0.0 0.0 0.0 0.0
   G 0.0 0.0 0.0 0.0 0.0 0.0 0.0 0.0 0.0
   Y 0.0 0.0 0.0 4.5 1.3 0.3 0.0 0.0 0.0
   A 0.0 0.0 0.0 0.0 0.0 0.0 0.0 0.0 0.0
   V 0.0 0.0 0.0 0.0 0.0 0.0 0.0 0.0 0.0
   I 0.0 0.0 0.0 0.0 0.0 0.0 0.0 0.0 0.0
   L 0.0 0.0 0.0 0.0 0.0 0.0 0.0 0.0 0.0
   M 0.0 0.0 0.0 0.0 0.0 0.0 0.0 0.0 0.0
   F 0.0 0.0 0.0 0.0 0.0 0.0 0.0 0.0 0.0
   W 0.0 0.0 0.0 0.0 0.0 0.0 0.0 0.0 0.0
   P 0.0 0.0 0.0 0.0 0.0 0.0 0.0 0.0 0.0

segname PROD -- Pep contact Map : frame 46
  --   1   2   3   4   5   6   7   8   9
  --   S   L   F   N   T   I   A   V   L
   R 0.0 0.0 0.0 1.9 3.8 0.0 0.0 0.0 0.0
   H 0.0 0.0 0.0 0.0 0.0 0.0 0.0 0.0 0.0
   K 0.0 0.0 0.0 0.0 0.0 0.0 0.0 0.0 0.0
   D 0.0 0.0 0.0 0.0 0.0 0.0 0.0 0.0 0.0
   E 0.0 0.0 0.0 0.0 0.0 0.0 0.0 0.0 0.0
   S 0.0 0.0 0.0 0.0 0.0 0.0 0.0 0.0 0.0
   T 0.0 0.0 0.0 0.0 0.0 0.0 0.0 0.0 0.0
   N 0.0 0.0 0.6 0.9 0.0 0.0 0.0 0.0 0.0
   Q 0.0 0.0 1.0 4.6 2.1 0.0 0.0 0.0 0.0
   C 0.0 0.0 0.0 0.0 0.0 0.0 0.0 0.0 0.0
   G 0.0 0.0 0.0 0.0 0.0 0.0 0.0 0.0 0.0
   Y 0.0 0.0 0.0 4.5 1.3 0.4 0.0 0.0 0.0
   A 0.0 0.0 0.0 0.0 0.0 0.0 0.0 0.0 0.0
   V 0.0 0.0 0.0 0.0 0.0 0.0 0.0 0.0 0.0
   I 0.0 0.0 0.0 0.0 0.0 0.0 0.0 0.0 0.0
   L 0.0 0.0 0.0 0.0 0.0 0.0 0.0 0.0 0.0
   M 0.0 0.0 0.0 0.0 0.0 0.0 0.0 0.0 0.0
   F 0.0 0.0 0.0 0.0 0.0 0.0 0.0 0.0 0.0
   W 0.0 0.0 0.0 0.0 0.0 0.0 0.0 0.0 0.0
   P 0.0 0.0 0.0 0.0 0.0 0.0 0.0 0.0 0.0

segname PROD -- Pep contact Map : frame 47
  --   1   2   3   4   5   6   7   8   9
  --   S   L   F   N   T   I   A   V   L
   R 0.0 0.0 0.0 1.8 3.7 0.0 0.0 0.0 0.0
   H 0.0 0.0 0.0 0.0 0.0 0.0 0.0 0.0 0.0
   K 0.0 0.0 0.0 0.0 0.0 0.0 0.0 0.0 0.0
   D 0.0 0.0 0.0 0.0 0.0 0.0 0.0 0.0 0.0
   E 0.0 0.0 0.0 0.0 0.0 0.0 0.0 0.0 0.0
   S 0.0 0.0 0.0 0.0 0.0 0.0 0.0 0.0 0.0
   T 0.0 0.0 0.0 0.0 0.0 0.0 0.0 0.0 0.0
   N 0.0 0.0 0.6 0.9 0.0 0.0 0.0 0.0 0.0
   Q 0.0 0.0 1.0 4.6 2.1 0.0 0.0 0.0 0.0
   C 0.0 0.0 0.0 0.0 0.0 0.0 0.0 0.0 0.0
   G 0.0 0.0 0.0 0.0 0.0 0.0 0.0 0.0 0.0
   Y 0.0 0.0 0.0 4.5 1.3 0.4 0.0 0.0 0.0
   A 0.0 0.0 0.0 0.0 0.0 0.0 0.0 0.0 0.0
   V 0.0 0.0 0.0 0.0 0.0 0.0 0.0 0.0 0.0
   I 0.0 0.0 0.0 0.0 0.0 0.0 0.0 0.0 0.0
   L 0.0 0.0 0.0 0.0 0.0 0.0 0.0 0.0 0.0
   M 0.0 0.0 0.0 0.0 0.0 0.0 0.0 0.0 0.0
   F 0.0 0.0 0.0 0.0 0.0 0.0 0.0 0.0 0.0
   W 0.0 0.0 0.0 0.0 0.0 0.0 0.0 0.0 0.0
   P 0.0 0.0 0.0 0.0 0.0 0.0 0.0 0.0 0.0

segname PROD -- Pep contact Map : frame 48
  --   1   2   3   4   5   6   7   8   9
  --   S   L   F   N   T   I   A   V   L
   R 0.0 0.0 0.0 1.8 3.7 0.0 0.0 0.0 0.0
   H 0.0 0.0 0.0 0.0 0.0 0.0 0.0 0.0 0.0
   K 0.0 0.0 0.0 0.0 0.0 0.0 0.0 0.0 0.0
   D 0.0 0.0 0.0 0.0 0.0 0.0 0.0 0.0 0.0
   E 0.0 0.0 0.0 0.0 0.0 0.0 0.0 0.0 0.0
   S 0.0 0.0 0.0 0.0 0.0 0.0 0.0 0.0 0.0
   T 0.0 0.0 0.0 0.0 0.0 0.0 0.0 0.0 0.0
   N 0.0 0.0 0.6 0.9 0.0 0.0 0.0 0.0 0.0
   Q 0.0 0.0 1.0 4.6 2.1 0.0 0.0 0.0 0.0
   C 0.0 0.0 0.0 0.0 0.0 0.0 0.0 0.0 0.0
   G 0.0 0.0 0.0 0.0 0.0 0.0 0.0 0.0 0.0
   Y 0.0 0.0 0.0 4.5 1.3 0.4 0.0 0.0 0.0
   A 0.0 0.0 0.0 0.0 0.0 0.0 0.0 0.0 0.0
   V 0.0 0.0 0.0 0.0 0.0 0.0 0.0 0.0 0.0
   I 0.0 0.0 0.0 0.0 0.0 0.0 0.0 0.0 0.0
   L 0.0 0.0 0.0 0.0 0.0 0.0 0.0 0.0 0.0
   M 0.0 0.0 0.0 0.0 0.0 0.0 0.0 0.0 0.0
   F 0.0 0.0 0.0 0.0 0.0 0.0 0.0 0.0 0.0
   W 0.0 0.0 0.0 0.0 0.0 0.0 0.0 0.0 0.0
   P 0.0 0.0 0.0 0.0 0.0 0.0 0.0 0.0 0.0

segname PROD -- Pep contact Map : frame 49
  --   1   2   3   4   5   6   7   8   9
  --   S   L   F   N   T   I   A   V   L
   R 0.0 0.0 0.0 1.8 3.7 0.0 0.0 0.0 0.0
   H 0.0 0.0 0.0 0.0 0.0 0.0 0.0 0.0 0.0
   K 0.0 0.0 0.0 0.0 0.0 0.0 0.0 0.0 0.0
   D 0.0 0.0 0.0 0.0 0.0 0.0 0.0 0.0 0.0
   E 0.0 0.0 0.0 0.0 0.0 0.0 0.0 0.0 0.0
   S 0.0 0.0 0.0 0.0 0.0 0.0 0.0 0.0 0.0
   T 0.0 0.0 0.0 0.0 0.0 0.0 0.0 0.0 0.0
   N 0.0 0.0 0.6 0.9 0.0 0.0 0.0 0.0 0.0
   Q 0.0 0.0 1.0 4.6 2.1 0.0 0.0 0.0 0.0
   C 0.0 0.0 0.0 0.0 0.0 0.0 0.0 0.0 0.0
   G 0.0 0.0 0.0 0.0 0.0 0.0 0.0 0.0 0.0
   Y 0.0 0.0 0.0 4.5 1.3 0.4 0.0 0.0 0.0
   A 0.0 0.0 0.0 0.0 0.0 0.0 0.0 0.0 0.0
   V 0.0 0.0 0.0 0.0 0.0 0.0 0.0 0.0 0.0
   I 0.0 0.0 0.0 0.0 0.0 0.0 0.0 0.0 0.0
   L 0.0 0.0 0.0 0.0 0.0 0.0 0.0 0.0 0.0
   M 0.0 0.0 0.0 0.0 0.0 0.0 0.0 0.0 0.0
   F 0.0 0.0 0.0 0.0 0.0 0.0 0.0 0.0 0.0
   W 0.0 0.0 0.0 0.0 0.0 0.0 0.0 0.0 0.0
   P 0.0 0.0 0.0 0.0 0.0 0.0 0.0 0.0 0.0

segname PROD -- Pep contact Map : frame 50
  --   1   2   3   4   5   6   7   8   9
  --   S   L   F   N   T   I   A   V   L
   R 0.0 0.0 0.0 1.9 3.7 0.0 0.0 0.0 0.0
   H 0.0 0.0 0.0 0.0 0.0 0.0 0.0 0.0 0.0
   K 0.0 0.0 0.0 0.0 0.0 0.0 0.0 0.0 0.0
   D 0.0 0.0 0.0 0.0 0.0 0.0 0.0 0.0 0.0
   E 0.0 0.0 0.0 0.0 0.0 0.0 0.0 0.0 0.0
   S 0.0 0.0 0.0 0.0 0.0 0.0 0.0 0.0 0.0
   T 0.0 0.0 0.0 0.0 0.0 0.0 0.0 0.0 0.0
   N 0.0 0.0 0.6 0.9 0.0 0.0 0.0 0.0 0.0
   Q 0.0 0.0 1.0 4.6 2.1 0.0 0.0 0.0 0.0
   C 0.0 0.0 0.0 0.0 0.0 0.0 0.0 0.0 0.0
   G 0.0 0.0 0.0 0.0 0.0 0.0 0.0 0.0 0.0
   Y 0.0 0.0 0.0 4.5 1.3 0.4 0.0 0.0 0.0
   A 0.0 0.0 0.0 0.0 0.0 0.0 0.0 0.0 0.0
   V 0.0 0.0 0.0 0.0 0.0 0.0 0.0 0.0 0.0
   I 0.0 0.0 0.0 0.0 0.0 0.0 0.0 0.0 0.0
   L 0.0 0.0 0.0 0.0 0.0 0.0 0.0 0.0 0.0
   M 0.0 0.0 0.0 0.0 0.0 0.0 0.0 0.0 0.0
   F 0.0 0.0 0.0 0.0 0.0 0.0 0.0 0.0 0.0
   W 0.0 0.0 0.0 0.0 0.0 0.0 0.0 0.0 0.0
   P 0.0 0.0 0.0 0.0 0.0 0.0 0.0 0.0 0.0

segname PROD -- Pep contact Map : frame 51
  --   1   2   3   4   5   6   7   8   9
  --   S   L   F   N   T   I   A   V   L
   R 0.0 0.0 0.0 1.9 3.7 0.0 0.0 0.0 0.0
   H 0.0 0.0 0.0 0.0 0.0 0.0 0.0 0.0 0.0
   K 0.0 0.0 0.0 0.0 0.0 0.0 0.0 0.0 0.0
   D 0.0 0.0 0.0 0.0 0.0 0.0 0.0 0.0 0.0
   E 0.0 0.0 0.0 0.0 0.0 0.0 0.0 0.0 0.0
   S 0.0 0.0 0.0 0.0 0.0 0.0 0.0 0.0 0.0
   T 0.0 0.0 0.0 0.0 0.0 0.0 0.0 0.0 0.0
   N 0.0 0.0 0.7 1.0 0.0 0.0 0.0 0.0 0.0
   Q 0.0 0.0 1.0 4.6 2.1 0.0 0.0 0.0 0.0
   C 0.0 0.0 0.0 0.0 0.0 0.0 0.0 0.0 0.0
   G 0.0 0.0 0.0 0.0 0.0 0.0 0.0 0.0 0.0
   Y 0.0 0.0 0.0 4.5 1.3 0.4 0.0 0.0 0.0
   A 0.0 0.0 0.0 0.0 0.0 0.0 0.0 0.0 0.0
   V 0.0 0.0 0.0 0.0 0.0 0.0 0.0 0.0 0.0
   I 0.0 0.0 0.0 0.0 0.0 0.0 0.0 0.0 0.0
   L 0.0 0.0 0.0 0.0 0.0 0.0 0.0 0.0 0.0
   M 0.0 0.0 0.0 0.0 0.0 0.0 0.0 0.0 0.0
   F 0.0 0.0 0.0 0.0 0.0 0.0 0.0 0.0 0.0
   W 0.0 0.0 0.0 0.0 0.0 0.0 0.0 0.0 0.0
   P 0.0 0.0 0.0 0.0 0.0 0.0 0.0 0.0 0.0

segname PROD -- Pep contact Map : frame 52
  --   1   2   3   4   5   6   7   8   9
  --   S   L   F   N   T   I   A   V   L
   R 0.0 0.0 0.0 1.9 3.7 0.0 0.0 0.0 0.0
   H 0.0 0.0 0.0 0.0 0.0 0.0 0.0 0.0 0.0
   K 0.0 0.0 0.0 0.0 0.0 0.0 0.0 0.0 0.0
   D 0.0 0.0 0.0 0.0 0.0 0.0 0.0 0.0 0.0
   E 0.0 0.0 0.0 0.0 0.0 0.0 0.0 0.0 0.0
   S 0.0 0.0 0.0 0.0 0.0 0.0 0.0 0.0 0.0
   T 0.0 0.0 0.0 0.0 0.0 0.0 0.0 0.0 0.0
   N 0.0 0.0 0.7 0.9 0.0 0.0 0.0 0.0 0.0
   Q 0.0 0.0 1.0 4.5 2.1 0.0 0.0 0.0 0.0
   C 0.0 0.0 0.0 0.0 0.0 0.0 0.0 0.0 0.0
   G 0.0 0.0 0.0 0.0 0.0 0.0 0.0 0.0 0.0
   Y 0.0 0.0 0.0 4.5 1.3 0.5 0.0 0.0 0.0
   A 0.0 0.0 0.0 0.0 0.0 0.0 0.0 0.0 0.0
   V 0.0 0.0 0.0 0.0 0.0 0.0 0.0 0.0 0.0
   I 0.0 0.0 0.0 0.0 0.0 0.0 0.0 0.0 0.0
   L 0.0 0.0 0.0 0.0 0.0 0.0 0.0 0.0 0.0
   M 0.0 0.0 0.0 0.0 0.0 0.0 0.0 0.0 0.0
   F 0.0 0.0 0.0 0.0 0.0 0.0 0.0 0.0 0.0
   W 0.0 0.0 0.0 0.0 0.0 0.0 0.0 0.0 0.0
   P 0.0 0.0 0.0 0.0 0.0 0.0 0.0 0.0 0.0

segname PROD -- Pep contact Map : frame 53
  --   1   2   3   4   5   6   7   8   9
  --   S   L   F   N   T   I   A   V   L
   R 0.0 0.0 0.0 1.9 3.7 0.0 0.0 0.0 0.0
   H 0.0 0.0 0.0 0.0 0.0 0.0 0.0 0.0 0.0
   K 0.0 0.0 0.0 0.0 0.0 0.0 0.0 0.0 0.0
   D 0.0 0.0 0.0 0.0 0.0 0.0 0.0 0.0 0.0
   E 0.0 0.0 0.0 0.0 0.0 0.0 0.0 0.0 0.0
   S 0.0 0.0 0.0 0.0 0.0 0.0 0.0 0.0 0.0
   T 0.0 0.0 0.0 0.0 0.0 0.0 0.0 0.0 0.0
   N 0.0 0.0 0.7 0.9 0.0 0.0 0.0 0.0 0.0
   Q 0.0 0.0 1.0 4.5 2.0 0.0 0.0 0.0 0.0
   C 0.0 0.0 0.0 0.0 0.0 0.0 0.0 0.0 0.0
   G 0.0 0.0 0.0 0.0 0.0 0.0 0.0 0.0 0.0
   Y 0.0 0.0 0.0 4.5 1.3 0.5 0.0 0.0 0.0
   A 0.0 0.0 0.0 0.0 0.0 0.0 0.0 0.0 0.0
   V 0.0 0.0 0.0 0.0 0.0 0.0 0.0 0.0 0.0
   I 0.0 0.0 0.0 0.0 0.0 0.0 0.0 0.0 0.0
   L 0.0 0.0 0.0 0.0 0.0 0.0 0.0 0.0 0.0
   M 0.0 0.0 0.0 0.0 0.0 0.0 0.0 0.0 0.0
   F 0.0 0.0 0.0 0.0 0.0 0.0 0.0 0.0 0.0
   W 0.0 0.0 0.0 0.0 0.0 0.0 0.0 0.0 0.0
   P 0.0 0.0 0.0 0.0 0.0 0.0 0.0 0.0 0.0

segname PROD -- Pep contact Map : frame 54
  --   1   2   3   4   5   6   7   8   9
  --   S   L   F   N   T   I   A   V   L
   R 0.0 0.0 0.0 1.9 3.7 0.0 0.0 0.0 0.0
   H 0.0 0.0 0.0 0.0 0.0 0.0 0.0 0.0 0.0
   K 0.0 0.0 0.0 0.0 0.0 0.0 0.0 0.0 0.0
   D 0.0 0.0 0.0 0.0 0.0 0.0 0.0 0.0 0.0
   E 0.0 0.0 0.0 0.0 0.0 0.0 0.0 0.0 0.0
   S 0.0 0.0 0.0 0.0 0.0 0.0 0.0 0.0 0.0
   T 0.0 0.0 0.0 0.0 0.0 0.0 0.0 0.0 0.0
   N 0.0 0.0 0.7 0.9 0.0 0.0 0.0 0.0 0.0
   Q 0.0 0.0 1.0 4.5 2.0 0.0 0.0 0.0 0.0
   C 0.0 0.0 0.0 0.0 0.0 0.0 0.0 0.0 0.0
   G 0.0 0.0 0.0 0.0 0.0 0.0 0.0 0.0 0.0
   Y 0.0 0.0 0.0 4.5 1.2 0.5 0.0 0.0 0.0
   A 0.0 0.0 0.0 0.0 0.0 0.0 0.0 0.0 0.0
   V 0.0 0.0 0.0 0.0 0.0 0.0 0.0 0.0 0.0
   I 0.0 0.0 0.0 0.0 0.0 0.0 0.0 0.0 0.0
   L 0.0 0.0 0.0 0.0 0.0 0.0 0.0 0.0 0.0
   M 0.0 0.0 0.0 0.0 0.0 0.0 0.0 0.0 0.0
   F 0.0 0.0 0.0 0.0 0.0 0.0 0.0 0.0 0.0
   W 0.0 0.0 0.0 0.0 0.0 0.0 0.0 0.0 0.0
   P 0.0 0.0 0.0 0.0 0.0 0.0 0.0 0.0 0.0

segname PROD -- Pep contact Map : frame 55
  --   1   2   3   4   5   6   7   8   9
  --   S   L   F   N   T   I   A   V   L
   R 0.0 0.0 0.0 1.9 3.7 0.0 0.0 0.0 0.0
   H 0.0 0.0 0.0 0.0 0.0 0.0 0.0 0.0 0.0
   K 0.0 0.0 0.0 0.0 0.0 0.0 0.0 0.0 0.0
   D 0.0 0.0 0.0 0.0 0.0 0.0 0.0 0.0 0.0
   E 0.0 0.0 0.0 0.0 0.0 0.0 0.0 0.0 0.0
   S 0.0 0.0 0.0 0.0 0.0 0.0 0.0 0.0 0.0
   T 0.0 0.0 0.0 0.0 0.0 0.0 0.0 0.0 0.0
   N 0.0 0.0 0.7 0.9 0.0 0.0 0.0 0.0 0.0
   Q 0.0 0.0 1.0 4.5 2.0 0.0 0.0 0.0 0.0
   C 0.0 0.0 0.0 0.0 0.0 0.0 0.0 0.0 0.0
   G 0.0 0.0 0.0 0.0 0.0 0.0 0.0 0.0 0.0
   Y 0.0 0.0 0.0 4.5 1.2 0.4 0.0 0.0 0.0
   A 0.0 0.0 0.0 0.0 0.0 0.0 0.0 0.0 0.0
   V 0.0 0.0 0.0 0.0 0.0 0.0 0.0 0.0 0.0
   I 0.0 0.0 0.0 0.0 0.0 0.0 0.0 0.0 0.0
   L 0.0 0.0 0.0 0.0 0.0 0.0 0.0 0.0 0.0
   M 0.0 0.0 0.0 0.0 0.0 0.0 0.0 0.0 0.0
   F 0.0 0.0 0.0 0.0 0.0 0.0 0.0 0.0 0.0
   W 0.0 0.0 0.0 0.0 0.0 0.0 0.0 0.0 0.0
   P 0.0 0.0 0.0 0.0 0.0 0.0 0.0 0.0 0.0

segname PROD -- Pep contact Map : frame 56
  --   1   2   3   4   5   6   7   8   9
  --   S   L   F   N   T   I   A   V   L
   R 0.0 0.0 0.0 1.9 3.7 0.0 0.0 0.0 0.0
   H 0.0 0.0 0.0 0.0 0.0 0.0 0.0 0.0 0.0
   K 0.0 0.0 0.0 0.0 0.0 0.0 0.0 0.0 0.0
   D 0.0 0.0 0.0 0.0 0.0 0.0 0.0 0.0 0.0
   E 0.0 0.0 0.0 0.0 0.0 0.0 0.0 0.0 0.0
   S 0.0 0.0 0.0 0.0 0.0 0.0 0.0 0.0 0.0
   T 0.0 0.0 0.0 0.0 0.0 0.0 0.0 0.0 0.0
   N 0.0 0.0 0.7 1.0 0.0 0.0 0.0 0.0 0.0
   Q 0.0 0.0 0.9 4.5 2.0 0.0 0.0 0.0 0.0
   C 0.0 0.0 0.0 0.0 0.0 0.0 0.0 0.0 0.0
   G 0.0 0.0 0.0 0.0 0.0 0.0 0.0 0.0 0.0
   Y 0.0 0.0 0.0 4.5 1.2 0.5 0.0 0.0 0.0
   A 0.0 0.0 0.0 0.0 0.0 0.0 0.0 0.0 0.0
   V 0.0 0.0 0.0 0.0 0.0 0.0 0.0 0.0 0.0
   I 0.0 0.0 0.0 0.0 0.0 0.0 0.0 0.0 0.0
   L 0.0 0.0 0.0 0.0 0.0 0.0 0.0 0.0 0.0
   M 0.0 0.0 0.0 0.0 0.0 0.0 0.0 0.0 0.0
   F 0.0 0.0 0.0 0.0 0.0 0.0 0.0 0.0 0.0
   W 0.0 0.0 0.0 0.0 0.0 0.0 0.0 0.0 0.0
   P 0.0 0.0 0.0 0.0 0.0 0.0 0.0 0.0 0.0

segname PROD -- Pep contact Map : frame 57
  --   1   2   3   4   5   6   7   8   9
  --   S   L   F   N   T   I   A   V   L
   R 0.0 0.0 0.0 1.9 3.7 0.0 0.0 0.0 0.0
   H 0.0 0.0 0.0 0.0 0.0 0.0 0.0 0.0 0.0
   K 0.0 0.0 0.0 0.0 0.0 0.0 0.0 0.0 0.0
   D 0.0 0.0 0.0 0.0 0.0 0.0 0.0 0.0 0.0
   E 0.0 0.0 0.0 0.0 0.0 0.0 0.0 0.0 0.0
   S 0.0 0.0 0.0 0.0 0.0 0.0 0.0 0.0 0.0
   T 0.0 0.0 0.0 0.0 0.0 0.0 0.0 0.0 0.0
   N 0.0 0.0 0.7 1.0 0.0 0.0 0.0 0.0 0.0
   Q 0.0 0.0 0.9 4.4 2.0 0.0 0.0 0.0 0.0
   C 0.0 0.0 0.0 0.0 0.0 0.0 0.0 0.0 0.0
   G 0.0 0.0 0.0 0.0 0.0 0.0 0.0 0.0 0.0
   Y 0.0 0.0 0.0 4.5 1.2 0.4 0.0 0.0 0.0
   A 0.0 0.0 0.0 0.0 0.0 0.0 0.0 0.0 0.0
   V 0.0 0.0 0.0 0.0 0.0 0.0 0.0 0.0 0.0
   I 0.0 0.0 0.0 0.0 0.0 0.0 0.0 0.0 0.0
   L 0.0 0.0 0.0 0.0 0.0 0.0 0.0 0.0 0.0
   M 0.0 0.0 0.0 0.0 0.0 0.0 0.0 0.0 0.0
   F 0.0 0.0 0.0 0.0 0.0 0.0 0.0 0.0 0.0
   W 0.0 0.0 0.0 0.0 0.0 0.0 0.0 0.0 0.0
   P 0.0 0.0 0.0 0.0 0.0 0.0 0.0 0.0 0.0

segname PROD -- Pep contact Map : frame 58
  --   1   2   3   4   5   6   7   8   9
  --   S   L   F   N   T   I   A   V   L
   R 0.0 0.0 0.0 1.9 3.7 0.0 0.0 0.0 0.0
   H 0.0 0.0 0.0 0.0 0.0 0.0 0.0 0.0 0.0
   K 0.0 0.0 0.0 0.0 0.0 0.0 0.0 0.0 0.0
   D 0.0 0.0 0.0 0.0 0.0 0.0 0.0 0.0 0.0
   E 0.0 0.0 0.0 0.0 0.0 0.0 0.0 0.0 0.0
   S 0.0 0.0 0.0 0.0 0.0 0.0 0.0 0.0 0.0
   T 0.0 0.0 0.0 0.0 0.0 0.0 0.0 0.0 0.0
   N 0.0 0.0 0.7 1.0 0.0 0.0 0.0 0.0 0.0
   Q 0.0 0.0 0.9 4.4 1.9 0.0 0.0 0.0 0.0
   C 0.0 0.0 0.0 0.0 0.0 0.0 0.0 0.0 0.0
   G 0.0 0.0 0.0 0.0 0.0 0.0 0.0 0.0 0.0
   Y 0.0 0.0 0.0 4.5 1.3 0.4 0.0 0.0 0.0
   A 0.0 0.0 0.0 0.0 0.0 0.0 0.0 0.0 0.0
   V 0.0 0.0 0.0 0.0 0.0 0.0 0.0 0.0 0.0
   I 0.0 0.0 0.0 0.0 0.0 0.0 0.0 0.0 0.0
   L 0.0 0.0 0.0 0.0 0.0 0.0 0.0 0.0 0.0
   M 0.0 0.0 0.0 0.0 0.0 0.0 0.0 0.0 0.0
   F 0.0 0.0 0.0 0.0 0.0 0.0 0.0 0.0 0.0
   W 0.0 0.0 0.0 0.0 0.0 0.0 0.0 0.0 0.0
   P 0.0 0.0 0.0 0.0 0.0 0.0 0.0 0.0 0.0

segname PROD -- Pep contact Map : frame 59
  --   1   2   3   4   5   6   7   8   9
  --   S   L   F   N   T   I   A   V   L
   R 0.0 0.0 0.0 1.9 3.7 0.0 0.0 0.0 0.0
   H 0.0 0.0 0.0 0.0 0.0 0.0 0.0 0.0 0.0
   K 0.0 0.0 0.0 0.0 0.0 0.0 0.0 0.0 0.0
   D 0.0 0.0 0.0 0.0 0.0 0.0 0.0 0.0 0.0
   E 0.0 0.0 0.0 0.0 0.0 0.0 0.0 0.0 0.0
   S 0.0 0.0 0.0 0.0 0.0 0.0 0.0 0.0 0.0
   T 0.0 0.0 0.0 0.0 0.0 0.0 0.0 0.0 0.0
   N 0.0 0.0 0.8 1.0 0.0 0.0 0.0 0.0 0.0
   Q 0.0 0.0 0.9 4.4 1.9 0.0 0.0 0.0 0.0
   C 0.0 0.0 0.0 0.0 0.0 0.0 0.0 0.0 0.0
   G 0.0 0.0 0.0 0.0 0.0 0.0 0.0 0.0 0.0
   Y 0.0 0.0 0.0 4.5 1.3 0.4 0.0 0.0 0.0
   A 0.0 0.0 0.0 0.0 0.0 0.0 0.0 0.0 0.0
   V 0.0 0.0 0.0 0.0 0.0 0.0 0.0 0.0 0.0
   I 0.0 0.0 0.0 0.0 0.0 0.0 0.0 0.0 0.0
   L 0.0 0.0 0.0 0.0 0.0 0.0 0.0 0.0 0.0
   M 0.0 0.0 0.0 0.0 0.0 0.0 0.0 0.0 0.0
   F 0.0 0.0 0.0 0.0 0.0 0.0 0.0 0.0 0.0
   W 0.0 0.0 0.0 0.0 0.0 0.0 0.0 0.0 0.0
   P 0.0 0.0 0.0 0.0 0.0 0.0 0.0 0.0 0.0

segname PROD -- Pep contact Map : frame 60
  --   1   2   3   4   5   6   7   8   9
  --   S   L   F   N   T   I   A   V   L
   R 0.0 0.0 0.0 2.0 3.7 0.0 0.0 0.0 0.0
   H 0.0 0.0 0.0 0.0 0.0 0.0 0.0 0.0 0.0
   K 0.0 0.0 0.0 0.0 0.0 0.0 0.0 0.0 0.0
   D 0.0 0.0 0.0 0.0 0.0 0.0 0.0 0.0 0.0
   E 0.0 0.0 0.0 0.0 0.0 0.0 0.0 0.0 0.0
   S 0.0 0.0 0.0 0.0 0.0 0.0 0.0 0.0 0.0
   T 0.0 0.0 0.0 0.0 0.0 0.0 0.0 0.0 0.0
   N 0.0 0.0 0.8 1.0 0.0 0.0 0.0 0.0 0.0
   Q 0.0 0.0 1.0 4.4 1.9 0.0 0.0 0.0 0.0
   C 0.0 0.0 0.0 0.0 0.0 0.0 0.0 0.0 0.0
   G 0.0 0.0 0.0 0.0 0.0 0.0 0.0 0.0 0.0
   Y 0.0 0.0 0.0 4.5 1.3 0.4 0.0 0.0 0.0
   A 0.0 0.0 0.0 0.0 0.0 0.0 0.0 0.0 0.0
   V 0.0 0.0 0.0 0.0 0.0 0.0 0.0 0.0 0.0
   I 0.0 0.0 0.0 0.0 0.0 0.0 0.0 0.0 0.0
   L 0.0 0.0 0.0 0.0 0.0 0.0 0.0 0.0 0.0
   M 0.0 0.0 0.0 0.0 0.0 0.0 0.0 0.0 0.0
   F 0.0 0.0 0.0 0.0 0.0 0.0 0.0 0.0 0.0
   W 0.0 0.0 0.0 0.0 0.0 0.0 0.0 0.0 0.0
   P 0.0 0.0 0.0 0.0 0.0 0.0 0.0 0.0 0.0

segname PROD -- Pep contact Map : frame 61
  --   1   2   3   4   5   6   7   8   9
  --   S   L   F   N   T   I   A   V   L
   R 0.0 0.0 0.0 2.0 3.7 0.0 0.0 0.0 0.0
   H 0.0 0.0 0.0 0.0 0.0 0.0 0.0 0.0 0.0
   K 0.0 0.0 0.0 0.0 0.0 0.0 0.0 0.0 0.0
   D 0.0 0.0 0.0 0.0 0.0 0.0 0.0 0.0 0.0
   E 0.0 0.0 0.0 0.0 0.0 0.0 0.0 0.0 0.0
   S 0.0 0.0 0.0 0.0 0.0 0.0 0.0 0.0 0.0
   T 0.0 0.0 0.0 0.0 0.0 0.0 0.0 0.0 0.0
   N 0.0 0.0 0.8 1.0 0.0 0.0 0.0 0.0 0.0
   Q 0.0 0.0 1.0 4.3 1.8 0.0 0.0 0.0 0.0
   C 0.0 0.0 0.0 0.0 0.0 0.0 0.0 0.0 0.0
   G 0.0 0.0 0.0 0.0 0.0 0.0 0.0 0.0 0.0
   Y 0.0 0.0 0.0 4.5 1.3 0.4 0.0 0.0 0.0
   A 0.0 0.0 0.0 0.0 0.0 0.0 0.0 0.0 0.0
   V 0.0 0.0 0.0 0.0 0.0 0.0 0.0 0.0 0.0
   I 0.0 0.0 0.0 0.0 0.0 0.0 0.0 0.0 0.0
   L 0.0 0.0 0.0 0.0 0.0 0.0 0.0 0.0 0.0
   M 0.0 0.0 0.0 0.0 0.0 0.0 0.0 0.0 0.0
   F 0.0 0.0 0.0 0.0 0.0 0.0 0.0 0.0 0.0
   W 0.0 0.0 0.0 0.0 0.0 0.0 0.0 0.0 0.0
   P 0.0 0.0 0.0 0.0 0.0 0.0 0.0 0.0 0.0

segname PROD -- Pep contact Map : frame 62
  --   1   2   3   4   5   6   7   8   9
  --   S   L   F   N   T   I   A   V   L
   R 0.0 0.0 0.0 2.0 3.7 0.0 0.0 0.0 0.0
   H 0.0 0.0 0.0 0.0 0.0 0.0 0.0 0.0 0.0
   K 0.0 0.0 0.0 0.0 0.0 0.0 0.0 0.0 0.0
   D 0.0 0.0 0.0 0.0 0.0 0.0 0.0 0.0 0.0
   E 0.0 0.0 0.0 0.0 0.0 0.0 0.0 0.0 0.0
   S 0.0 0.0 0.0 0.0 0.0 0.0 0.0 0.0 0.0
   T 0.0 0.0 0.0 0.0 0.0 0.0 0.0 0.0 0.0
   N 0.0 0.0 0.8 1.0 0.0 0.0 0.0 0.0 0.0
   Q 0.0 0.0 1.0 4.2 1.8 0.0 0.0 0.0 0.0
   C 0.0 0.0 0.0 0.0 0.0 0.0 0.0 0.0 0.0
   G 0.0 0.0 0.0 0.0 0.0 0.0 0.0 0.0 0.0
   Y 0.0 0.0 0.0 4.5 1.3 0.4 0.0 0.0 0.0
   A 0.0 0.0 0.0 0.0 0.0 0.0 0.0 0.0 0.0
   V 0.0 0.0 0.0 0.0 0.0 0.0 0.0 0.0 0.0
   I 0.0 0.0 0.0 0.0 0.0 0.0 0.0 0.0 0.0
   L 0.0 0.0 0.0 0.0 0.0 0.0 0.0 0.0 0.0
   M 0.0 0.0 0.0 0.0 0.0 0.0 0.0 0.0 0.0
   F 0.0 0.0 0.0 0.0 0.0 0.0 0.0 0.0 0.0
   W 0.0 0.0 0.0 0.0 0.0 0.0 0.0 0.0 0.0
   P 0.0 0.0 0.0 0.0 0.0 0.0 0.0 0.0 0.0

segname PROD -- Pep contact Map : frame 63
  --   1   2   3   4   5   6   7   8   9
  --   S   L   F   N   T   I   A   V   L
   R 0.0 0.0 0.0 2.1 3.7 0.0 0.0 0.0 0.0
   H 0.0 0.0 0.0 0.0 0.0 0.0 0.0 0.0 0.0
   K 0.0 0.0 0.0 0.0 0.0 0.0 0.0 0.0 0.0
   D 0.0 0.0 0.0 0.0 0.0 0.0 0.0 0.0 0.0
   E 0.0 0.0 0.0 0.0 0.0 0.0 0.0 0.0 0.0
   S 0.0 0.0 0.0 0.0 0.0 0.0 0.0 0.0 0.0
   T 0.0 0.0 0.0 0.0 0.0 0.0 0.0 0.0 0.0
   N 0.0 0.0 0.8 1.0 0.0 0.0 0.0 0.0 0.0
   Q 0.0 0.0 1.0 4.2 1.8 0.0 0.0 0.0 0.0
   C 0.0 0.0 0.0 0.0 0.0 0.0 0.0 0.0 0.0
   G 0.0 0.0 0.0 0.0 0.0 0.0 0.0 0.0 0.0
   Y 0.0 0.0 0.0 4.5 1.3 0.4 0.0 0.0 0.0
   A 0.0 0.0 0.0 0.0 0.0 0.0 0.0 0.0 0.0
   V 0.0 0.0 0.0 0.0 0.0 0.0 0.0 0.0 0.0
   I 0.0 0.0 0.0 0.0 0.0 0.0 0.0 0.0 0.0
   L 0.0 0.0 0.0 0.0 0.0 0.0 0.0 0.0 0.0
   M 0.0 0.0 0.0 0.0 0.0 0.0 0.0 0.0 0.0
   F 0.0 0.0 0.0 0.0 0.0 0.0 0.0 0.0 0.0
   W 0.0 0.0 0.0 0.0 0.0 0.0 0.0 0.0 0.0
   P 0.0 0.0 0.0 0.0 0.0 0.0 0.0 0.0 0.0

segname PROD -- Pep contact Map : frame 64
  --   1   2   3   4   5   6   7   8   9
  --   S   L   F   N   T   I   A   V   L
   R 0.0 0.0 0.0 2.1 3.7 0.0 0.0 0.0 0.0
   H 0.0 0.0 0.0 0.0 0.0 0.0 0.0 0.0 0.0
   K 0.0 0.0 0.0 0.0 0.0 0.0 0.0 0.0 0.0
   D 0.0 0.0 0.0 0.0 0.0 0.0 0.0 0.0 0.0
   E 0.0 0.0 0.0 0.0 0.0 0.0 0.0 0.0 0.0
   S 0.0 0.0 0.0 0.0 0.0 0.0 0.0 0.0 0.0
   T 0.0 0.0 0.0 0.0 0.0 0.0 0.0 0.0 0.0
   N 0.0 0.0 0.9 1.0 0.0 0.0 0.0 0.0 0.0
   Q 0.0 0.0 1.0 4.1 1.8 0.0 0.0 0.0 0.0
   C 0.0 0.0 0.0 0.0 0.0 0.0 0.0 0.0 0.0
   G 0.0 0.0 0.0 0.0 0.0 0.0 0.0 0.0 0.0
   Y 0.0 0.0 0.0 4.4 1.3 0.4 0.0 0.0 0.0
   A 0.0 0.0 0.0 0.0 0.0 0.0 0.0 0.0 0.0
   V 0.0 0.0 0.0 0.0 0.0 0.0 0.0 0.0 0.0
   I 0.0 0.0 0.0 0.0 0.0 0.0 0.0 0.0 0.0
   L 0.0 0.0 0.0 0.0 0.0 0.0 0.0 0.0 0.0
   M 0.0 0.0 0.0 0.0 0.0 0.0 0.0 0.0 0.0
   F 0.0 0.0 0.0 0.0 0.0 0.0 0.0 0.0 0.0
   W 0.0 0.0 0.0 0.0 0.0 0.0 0.0 0.0 0.0
   P 0.0 0.0 0.0 0.0 0.0 0.0 0.0 0.0 0.0

segname PROD -- Pep contact Map : frame 65
  --   1   2   3   4   5   6   7   8   9
  --   S   L   F   N   T   I   A   V   L
   R 0.0 0.0 0.0 2.2 3.7 0.0 0.0 0.0 0.0
   H 0.0 0.0 0.0 0.0 0.0 0.0 0.0 0.0 0.0
   K 0.0 0.0 0.0 0.0 0.0 0.0 0.0 0.0 0.0
   D 0.0 0.0 0.0 0.0 0.0 0.0 0.0 0.0 0.0
   E 0.0 0.0 0.0 0.0 0.0 0.0 0.0 0.0 0.0
   S 0.0 0.0 0.0 0.0 0.0 0.0 0.0 0.0 0.0
   T 0.0 0.0 0.0 0.0 0.0 0.0 0.0 0.0 0.0
   N 0.0 0.0 0.9 1.0 0.0 0.0 0.0 0.0 0.0
   Q 0.0 0.0 1.0 4.0 1.7 0.0 0.0 0.0 0.0
   C 0.0 0.0 0.0 0.0 0.0 0.0 0.0 0.0 0.0
   G 0.0 0.0 0.0 0.0 0.0 0.0 0.0 0.0 0.0
   Y 0.0 0.0 0.0 4.5 1.3 0.4 0.0 0.0 0.0
   A 0.0 0.0 0.0 0.0 0.0 0.0 0.0 0.0 0.0
   V 0.0 0.0 0.0 0.0 0.0 0.0 0.0 0.0 0.0
   I 0.0 0.0 0.0 0.0 0.0 0.0 0.0 0.0 0.0
   L 0.0 0.0 0.0 0.0 0.0 0.0 0.0 0.0 0.0
   M 0.0 0.0 0.0 0.0 0.0 0.0 0.0 0.0 0.0
   F 0.0 0.0 0.0 0.0 0.0 0.0 0.0 0.0 0.0
   W 0.0 0.0 0.0 0.0 0.0 0.0 0.0 0.0 0.0
   P 0.0 0.0 0.0 0.0 0.0 0.0 0.0 0.0 0.0

segname PROD -- Pep contact Map : frame 66
  --   1   2   3   4   5   6   7   8   9
  --   S   L   F   N   T   I   A   V   L
   R 0.0 0.0 0.0 2.2 3.7 0.0 0.0 0.0 0.0
   H 0.0 0.0 0.0 0.0 0.0 0.0 0.0 0.0 0.0
   K 0.0 0.0 0.0 0.0 0.0 0.0 0.0 0.0 0.0
   D 0.0 0.0 0.0 0.0 0.0 0.0 0.0 0.0 0.0
   E 0.0 0.0 0.0 0.0 0.0 0.0 0.0 0.0 0.0
   S 0.0 0.0 0.0 0.0 0.0 0.0 0.0 0.0 0.0
   T 0.0 0.0 0.0 0.0 0.0 0.0 0.0 0.0 0.0
   N 0.0 0.0 0.9 1.0 0.0 0.0 0.0 0.0 0.0
   Q 0.0 0.0 1.0 4.0 1.7 0.0 0.0 0.0 0.0
   C 0.0 0.0 0.0 0.0 0.0 0.0 0.0 0.0 0.0
   G 0.0 0.0 0.0 0.0 0.0 0.0 0.0 0.0 0.0
   Y 0.0 0.0 0.0 4.5 1.2 0.4 0.0 0.0 0.0
   A 0.0 0.0 0.0 0.0 0.0 0.0 0.0 0.0 0.0
   V 0.0 0.0 0.0 0.0 0.0 0.0 0.0 0.0 0.0
   I 0.0 0.0 0.0 0.0 0.0 0.0 0.0 0.0 0.0
   L 0.0 0.0 0.0 0.0 0.0 0.0 0.0 0.0 0.0
   M 0.0 0.0 0.0 0.0 0.0 0.0 0.0 0.0 0.0
   F 0.0 0.0 0.0 0.0 0.0 0.0 0.0 0.0 0.0
   W 0.0 0.0 0.0 0.0 0.0 0.0 0.0 0.0 0.0
   P 0.0 0.0 0.0 0.0 0.0 0.0 0.0 0.0 0.0

segname PROD -- Pep contact Map : frame 67
  --   1   2   3   4   5   6   7   8   9
  --   S   L   F   N   T   I   A   V   L
   R 0.0 0.0 0.0 2.2 3.7 0.0 0.0 0.0 0.0
   H 0.0 0.0 0.0 0.0 0.0 0.0 0.0 0.0 0.0
   K 0.0 0.0 0.0 0.0 0.0 0.0 0.0 0.0 0.0
   D 0.0 0.0 0.0 0.0 0.0 0.0 0.0 0.0 0.0
   E 0.0 0.0 0.0 0.0 0.0 0.0 0.0 0.0 0.0
   S 0.0 0.0 0.0 0.0 0.0 0.0 0.0 0.0 0.0
   T 0.0 0.0 0.0 0.0 0.0 0.0 0.0 0.0 0.0
   N 0.0 0.0 1.0 1.1 0.0 0.0 0.0 0.0 0.0
   Q 0.0 0.0 1.0 3.9 1.7 0.0 0.0 0.0 0.0
   C 0.0 0.0 0.0 0.0 0.0 0.0 0.0 0.0 0.0
   G 0.0 0.0 0.0 0.0 0.0 0.0 0.0 0.0 0.0
   Y 0.0 0.0 0.0 4.4 1.2 0.4 0.0 0.0 0.0
   A 0.0 0.0 0.0 0.0 0.0 0.0 0.0 0.0 0.0
   V 0.0 0.0 0.0 0.0 0.0 0.0 0.0 0.0 0.0
   I 0.0 0.0 0.0 0.0 0.0 0.0 0.0 0.0 0.0
   L 0.0 0.0 0.0 0.0 0.0 0.0 0.0 0.0 0.0
   M 0.0 0.0 0.0 0.0 0.0 0.0 0.0 0.0 0.0
   F 0.0 0.0 0.0 0.0 0.0 0.0 0.0 0.0 0.0
   W 0.0 0.0 0.0 0.0 0.0 0.0 0.0 0.0 0.0
   P 0.0 0.0 0.0 0.0 0.0 0.0 0.0 0.0 0.0

segname PROD -- Pep contact Map : frame 68
  --   1   2   3   4   5   6   7   8   9
  --   S   L   F   N   T   I   A   V   L
   R 0.0 0.0 0.0 2.2 3.7 0.0 0.0 0.0 0.0
   H 0.0 0.0 0.0 0.0 0.0 0.0 0.0 0.0 0.0
   K 0.0 0.0 0.0 0.0 0.0 0.0 0.0 0.0 0.0
   D 0.0 0.0 0.0 0.0 0.0 0.0 0.0 0.0 0.0
   E 0.0 0.0 0.0 0.0 0.0 0.0 0.0 0.0 0.0
   S 0.0 0.0 0.0 0.0 0.0 0.0 0.0 0.0 0.0
   T 0.0 0.0 0.0 0.0 0.0 0.0 0.0 0.0 0.0
   N 0.0 0.0 1.0 1.1 0.0 0.0 0.0 0.0 0.0
   Q 0.0 0.0 0.9 3.9 1.7 0.0 0.0 0.0 0.0
   C 0.0 0.0 0.0 0.0 0.0 0.0 0.0 0.0 0.0
   G 0.0 0.0 0.0 0.0 0.0 0.0 0.0 0.0 0.0
   Y 0.0 0.0 0.0 4.4 1.2 0.4 0.0 0.0 0.0
   A 0.0 0.0 0.0 0.0 0.0 0.0 0.0 0.0 0.0
   V 0.0 0.0 0.0 0.0 0.0 0.0 0.0 0.0 0.0
   I 0.0 0.0 0.0 0.0 0.0 0.0 0.0 0.0 0.0
   L 0.0 0.0 0.0 0.0 0.0 0.0 0.0 0.0 0.0
   M 0.0 0.0 0.0 0.0 0.0 0.0 0.0 0.0 0.0
   F 0.0 0.0 0.0 0.0 0.0 0.0 0.0 0.0 0.0
   W 0.0 0.0 0.0 0.0 0.0 0.0 0.0 0.0 0.0
   P 0.0 0.0 0.0 0.0 0.0 0.0 0.0 0.0 0.0

segname PROD -- Pep contact Map : frame 69
  --   1   2   3   4   5   6   7   8   9
  --   S   L   F   N   T   I   A   V   L
   R 0.0 0.0 0.0 2.2 3.7 0.0 0.0 0.0 0.0
   H 0.0 0.0 0.0 0.0 0.0 0.0 0.0 0.0 0.0
   K 0.0 0.0 0.0 0.0 0.0 0.0 0.0 0.0 0.0
   D 0.0 0.0 0.0 0.0 0.0 0.0 0.0 0.0 0.0
   E 0.0 0.0 0.0 0.0 0.0 0.0 0.0 0.0 0.0
   S 0.0 0.0 0.0 0.0 0.0 0.0 0.0 0.0 0.0
   T 0.0 0.0 0.0 0.0 0.0 0.0 0.0 0.0 0.0
   N 0.0 0.0 1.0 1.1 0.0 0.0 0.0 0.0 0.0
   Q 0.0 0.0 0.9 3.8 1.6 0.0 0.0 0.0 0.0
   C 0.0 0.0 0.0 0.0 0.0 0.0 0.0 0.0 0.0
   G 0.0 0.0 0.0 0.0 0.0 0.0 0.0 0.0 0.0
   Y 0.0 0.0 0.0 4.5 1.3 0.4 0.0 0.0 0.0
   A 0.0 0.0 0.0 0.0 0.0 0.0 0.0 0.0 0.0
   V 0.0 0.0 0.0 0.0 0.0 0.0 0.0 0.0 0.0
   I 0.0 0.0 0.0 0.0 0.0 0.0 0.0 0.0 0.0
   L 0.0 0.0 0.0 0.0 0.0 0.0 0.0 0.0 0.0
   M 0.0 0.0 0.0 0.0 0.0 0.0 0.0 0.0 0.0
   F 0.0 0.0 0.0 0.0 0.0 0.0 0.0 0.0 0.0
   W 0.0 0.0 0.0 0.0 0.0 0.0 0.0 0.0 0.0
   P 0.0 0.0 0.0 0.0 0.0 0.0 0.0 0.0 0.0

segname PROD -- Pep contact Map : frame 70
  --   1   2   3   4   5   6   7   8   9
  --   S   L   F   N   T   I   A   V   L
   R 0.0 0.0 0.0 2.2 3.7 0.0 0.0 0.0 0.0
   H 0.0 0.0 0.0 0.0 0.0 0.0 0.0 0.0 0.0
   K 0.0 0.0 0.0 0.0 0.0 0.0 0.0 0.0 0.0
   D 0.0 0.0 0.0 0.0 0.0 0.0 0.0 0.0 0.0
   E 0.0 0.0 0.0 0.0 0.0 0.0 0.0 0.0 0.0
   S 0.0 0.0 0.0 0.0 0.0 0.0 0.0 0.0 0.0
   T 0.0 0.0 0.0 0.0 0.0 0.0 0.0 0.0 0.0
   N 0.0 0.0 1.0 1.1 0.0 0.0 0.0 0.0 0.0
   Q 0.0 0.0 0.9 3.7 1.6 0.0 0.0 0.0 0.0
   C 0.0 0.0 0.0 0.0 0.0 0.0 0.0 0.0 0.0
   G 0.0 0.0 0.0 0.0 0.0 0.0 0.0 0.0 0.0
   Y 0.0 0.0 0.0 4.4 1.3 0.4 0.0 0.0 0.0
   A 0.0 0.0 0.0 0.0 0.0 0.0 0.0 0.0 0.0
   V 0.0 0.0 0.0 0.0 0.0 0.0 0.0 0.0 0.0
   I 0.0 0.0 0.0 0.0 0.0 0.0 0.0 0.0 0.0
   L 0.0 0.0 0.0 0.0 0.0 0.0 0.0 0.0 0.0
   M 0.0 0.0 0.0 0.0 0.0 0.0 0.0 0.0 0.0
   F 0.0 0.0 0.0 0.0 0.0 0.0 0.0 0.0 0.0
   W 0.0 0.0 0.0 0.0 0.0 0.0 0.0 0.0 0.0
   P 0.0 0.0 0.0 0.0 0.0 0.0 0.0 0.0 0.0

segname PROD -- Pep contact Map : frame 71
  --   1   2   3   4   5   6   7   8   9
  --   S   L   F   N   T   I   A   V   L
   R 0.0 0.0 0.0 2.2 3.7 0.0 0.0 0.0 0.0
   H 0.0 0.0 0.0 0.0 0.0 0.0 0.0 0.0 0.0
   K 0.0 0.0 0.0 0.0 0.0 0.0 0.0 0.0 0.0
   D 0.0 0.0 0.0 0.0 0.0 0.0 0.0 0.0 0.0
   E 0.0 0.0 0.0 0.0 0.0 0.0 0.0 0.0 0.0
   S 0.0 0.0 0.0 0.0 0.0 0.0 0.0 0.0 0.0
   T 0.0 0.0 0.0 0.0 0.0 0.0 0.0 0.0 0.0
   N 0.0 0.0 1.1 1.1 0.0 0.0 0.0 0.0 0.0
   Q 0.0 0.0 0.9 3.7 1.6 0.0 0.0 0.0 0.0
   C 0.0 0.0 0.0 0.0 0.0 0.0 0.0 0.0 0.0
   G 0.0 0.0 0.0 0.0 0.0 0.0 0.0 0.0 0.0
   Y 0.0 0.0 0.0 4.4 1.3 0.4 0.0 0.0 0.0
   A 0.0 0.0 0.0 0.0 0.0 0.0 0.0 0.0 0.0
   V 0.0 0.0 0.0 0.0 0.0 0.0 0.0 0.0 0.0
   I 0.0 0.0 0.0 0.0 0.0 0.0 0.0 0.0 0.0
   L 0.0 0.0 0.0 0.0 0.0 0.0 0.0 0.0 0.0
   M 0.0 0.0 0.0 0.0 0.0 0.0 0.0 0.0 0.0
   F 0.0 0.0 0.0 0.0 0.0 0.0 0.0 0.0 0.0
   W 0.0 0.0 0.0 0.0 0.0 0.0 0.0 0.0 0.0
   P 0.0 0.0 0.0 0.0 0.0 0.0 0.0 0.0 0.0

segname PROD -- Pep contact Map : frame 72
  --   1   2   3   4   5   6   7   8   9
  --   S   L   F   N   T   I   A   V   L
   R 0.0 0.0 0.0 2.2 3.7 0.0 0.0 0.0 0.0
   H 0.0 0.0 0.0 0.0 0.0 0.0 0.0 0.0 0.0
   K 0.0 0.0 0.0 0.0 0.0 0.0 0.0 0.0 0.0
   D 0.0 0.0 0.0 0.0 0.0 0.0 0.0 0.0 0.0
   E 0.0 0.0 0.0 0.0 0.0 0.0 0.0 0.0 0.0
   S 0.0 0.0 0.0 0.0 0.0 0.0 0.0 0.0 0.0
   T 0.0 0.0 0.0 0.0 0.0 0.0 0.0 0.0 0.0
   N 0.0 0.0 1.1 1.1 0.0 0.0 0.0 0.0 0.0
   Q 0.0 0.0 0.9 3.6 1.6 0.0 0.0 0.0 0.0
   C 0.0 0.0 0.0 0.0 0.0 0.0 0.0 0.0 0.0
   G 0.0 0.0 0.0 0.0 0.0 0.0 0.0 0.0 0.0
   Y 0.0 0.0 0.0 4.4 1.3 0.4 0.0 0.0 0.0
   A 0.0 0.0 0.0 0.0 0.0 0.0 0.0 0.0 0.0
   V 0.0 0.0 0.0 0.0 0.0 0.0 0.0 0.0 0.0
   I 0.0 0.0 0.0 0.0 0.0 0.0 0.0 0.0 0.0
   L 0.0 0.0 0.0 0.0 0.0 0.0 0.0 0.0 0.0
   M 0.0 0.0 0.0 0.0 0.0 0.0 0.0 0.0 0.0
   F 0.0 0.0 0.0 0.0 0.0 0.0 0.0 0.0 0.0
   W 0.0 0.0 0.0 0.0 0.0 0.0 0.0 0.0 0.0
   P 0.0 0.0 0.0 0.0 0.0 0.0 0.0 0.0 0.0

segname PROD -- Pep contact Map : frame 73
  --   1   2   3   4   5   6   7   8   9
  --   S   L   F   N   T   I   A   V   L
   R 0.0 0.0 0.0 2.3 3.6 0.0 0.0 0.0 0.0
   H 0.0 0.0 0.0 0.0 0.0 0.0 0.0 0.0 0.0
   K 0.0 0.0 0.0 0.0 0.0 0.0 0.0 0.0 0.0
   D 0.0 0.0 0.0 0.0 0.0 0.0 0.0 0.0 0.0
   E 0.0 0.0 0.0 0.0 0.0 0.0 0.0 0.0 0.0
   S 0.0 0.0 0.0 0.0 0.0 0.0 0.0 0.0 0.0
   T 0.0 0.0 0.0 0.0 0.0 0.0 0.0 0.0 0.0
   N 0.0 0.0 1.1 1.1 0.0 0.0 0.0 0.0 0.0
   Q 0.0 0.0 0.9 3.6 1.5 0.0 0.0 0.0 0.0
   C 0.0 0.0 0.0 0.0 0.0 0.0 0.0 0.0 0.0
   G 0.0 0.0 0.0 0.0 0.0 0.0 0.0 0.0 0.0
   Y 0.0 0.0 0.0 4.4 1.3 0.4 0.0 0.0 0.0
   A 0.0 0.0 0.0 0.0 0.0 0.0 0.0 0.0 0.0
   V 0.0 0.0 0.0 0.0 0.0 0.0 0.0 0.0 0.0
   I 0.0 0.0 0.0 0.0 0.0 0.0 0.0 0.0 0.0
   L 0.0 0.0 0.0 0.0 0.0 0.0 0.0 0.0 0.0
   M 0.0 0.0 0.0 0.0 0.0 0.0 0.0 0.0 0.0
   F 0.0 0.0 0.0 0.0 0.0 0.0 0.0 0.0 0.0
   W 0.0 0.0 0.0 0.0 0.0 0.0 0.0 0.0 0.0
   P 0.0 0.0 0.0 0.0 0.0 0.0 0.0 0.0 0.0

segname PROD -- Pep contact Map : frame 74
  --   1   2   3   4   5   6   7   8   9
  --   S   L   F   N   T   I   A   V   L
   R 0.0 0.0 0.0 2.3 3.6 0.0 0.0 0.0 0.0
   H 0.0 0.0 0.0 0.0 0.0 0.0 0.0 0.0 0.0
   K 0.0 0.0 0.0 0.0 0.0 0.0 0.0 0.0 0.0
   D 0.0 0.0 0.0 0.0 0.0 0.0 0.0 0.0 0.0
   E 0.0 0.0 0.0 0.0 0.0 0.0 0.0 0.0 0.0
   S 0.0 0.0 0.0 0.0 0.0 0.0 0.0 0.0 0.0
   T 0.0 0.0 0.0 0.0 0.0 0.0 0.0 0.0 0.0
   N 0.0 0.0 1.1 1.1 0.0 0.0 0.0 0.0 0.0
   Q 0.0 0.0 0.9 3.6 1.5 0.0 0.0 0.0 0.0
   C 0.0 0.0 0.0 0.0 0.0 0.0 0.0 0.0 0.0
   G 0.0 0.0 0.0 0.0 0.0 0.0 0.0 0.0 0.0
   Y 0.0 0.0 0.0 4.4 1.3 0.4 0.0 0.0 0.0
   A 0.0 0.0 0.0 0.0 0.0 0.0 0.0 0.0 0.0
   V 0.0 0.0 0.0 0.0 0.0 0.0 0.0 0.0 0.0
   I 0.0 0.0 0.0 0.0 0.0 0.0 0.0 0.0 0.0
   L 0.0 0.0 0.0 0.0 0.0 0.0 0.0 0.0 0.0
   M 0.0 0.0 0.0 0.0 0.0 0.0 0.0 0.0 0.0
   F 0.0 0.0 0.0 0.0 0.0 0.0 0.0 0.0 0.0
   W 0.0 0.0 0.0 0.0 0.0 0.0 0.0 0.0 0.0
   P 0.0 0.0 0.0 0.0 0.0 0.0 0.0 0.0 0.0

segname PROD -- Pep contact Map : frame 75
  --   1   2   3   4   5   6   7   8   9
  --   S   L   F   N   T   I   A   V   L
   R 0.0 0.0 0.0 2.3 3.6 0.0 0.0 0.0 0.0
   H 0.0 0.0 0.0 0.0 0.0 0.0 0.0 0.0 0.0
   K 0.0 0.0 0.0 0.0 0.0 0.0 0.0 0.0 0.0
   D 0.0 0.0 0.0 0.0 0.0 0.0 0.0 0.0 0.0
   E 0.0 0.0 0.0 0.0 0.0 0.0 0.0 0.0 0.0
   S 0.0 0.0 0.0 0.0 0.0 0.0 0.0 0.0 0.0
   T 0.0 0.0 0.0 0.0 0.0 0.0 0.0 0.0 0.0
   N 0.0 0.0 1.1 1.1 0.0 0.0 0.0 0.0 0.0
   Q 0.0 0.0 0.9 3.5 1.5 0.0 0.0 0.0 0.0
   C 0.0 0.0 0.0 0.0 0.0 0.0 0.0 0.0 0.0
   G 0.0 0.0 0.0 0.0 0.0 0.0 0.0 0.0 0.0
   Y 0.0 0.0 0.0 4.4 1.3 0.4 0.0 0.0 0.0
   A 0.0 0.0 0.0 0.0 0.0 0.0 0.0 0.0 0.0
   V 0.0 0.0 0.0 0.0 0.0 0.0 0.0 0.0 0.0
   I 0.0 0.0 0.0 0.0 0.0 0.0 0.0 0.0 0.0
   L 0.0 0.0 0.0 0.0 0.0 0.0 0.0 0.0 0.0
   M 0.0 0.0 0.0 0.0 0.0 0.0 0.0 0.0 0.0
   F 0.0 0.0 0.0 0.0 0.0 0.0 0.0 0.0 0.0
   W 0.0 0.0 0.0 0.0 0.0 0.0 0.0 0.0 0.0
   P 0.0 0.0 0.0 0.0 0.0 0.0 0.0 0.0 0.0

segname PROD -- Pep contact Map : frame 76
  --   1   2   3   4   5   6   7   8   9
  --   S   L   F   N   T   I   A   V   L
   R 0.0 0.0 0.0 2.4 3.6 0.0 0.0 0.0 0.0
   H 0.0 0.0 0.0 0.0 0.0 0.0 0.0 0.0 0.0
   K 0.0 0.0 0.0 0.0 0.0 0.0 0.0 0.0 0.0
   D 0.0 0.0 0.0 0.0 0.0 0.0 0.0 0.0 0.0
   E 0.0 0.0 0.0 0.0 0.0 0.0 0.0 0.0 0.0
   S 0.0 0.0 0.0 0.0 0.0 0.0 0.0 0.0 0.0
   T 0.0 0.0 0.0 0.0 0.0 0.0 0.0 0.0 0.0
   N 0.0 0.0 1.1 1.1 0.0 0.0 0.0 0.0 0.0
   Q 0.0 0.0 0.9 3.5 1.5 0.0 0.0 0.0 0.0
   C 0.0 0.0 0.0 0.0 0.0 0.0 0.0 0.0 0.0
   G 0.0 0.0 0.0 0.0 0.0 0.0 0.0 0.0 0.0
   Y 0.0 0.0 0.0 4.3 1.3 0.4 0.0 0.0 0.0
   A 0.0 0.0 0.0 0.0 0.0 0.0 0.0 0.0 0.0
   V 0.0 0.0 0.0 0.0 0.0 0.0 0.0 0.0 0.0
   I 0.0 0.0 0.0 0.0 0.0 0.0 0.0 0.0 0.0
   L 0.0 0.0 0.0 0.0 0.0 0.0 0.0 0.0 0.0
   M 0.0 0.0 0.0 0.0 0.0 0.0 0.0 0.0 0.0
   F 0.0 0.0 0.0 0.0 0.0 0.0 0.0 0.0 0.0
   W 0.0 0.0 0.0 0.0 0.0 0.0 0.0 0.0 0.0
   P 0.0 0.0 0.0 0.0 0.0 0.0 0.0 0.0 0.0

segname PROD -- Pep contact Map : frame 77
  --   1   2   3   4   5   6   7   8   9
  --   S   L   F   N   T   I   A   V   L
   R 0.0 0.0 0.0 2.3 3.6 0.0 0.0 0.0 0.0
   H 0.0 0.0 0.0 0.0 0.0 0.0 0.0 0.0 0.0
   K 0.0 0.0 0.0 0.0 0.0 0.0 0.0 0.0 0.0
   D 0.0 0.0 0.0 0.0 0.0 0.0 0.0 0.0 0.0
   E 0.0 0.0 0.0 0.0 0.0 0.0 0.0 0.0 0.0
   S 0.0 0.0 0.0 0.0 0.0 0.0 0.0 0.0 0.0
   T 0.0 0.0 0.0 0.0 0.0 0.0 0.0 0.0 0.0
   N 0.0 0.0 1.2 1.1 0.0 0.0 0.0 0.0 0.0
   Q 0.0 0.0 0.9 3.4 1.5 0.0 0.0 0.0 0.0
   C 0.0 0.0 0.0 0.0 0.0 0.0 0.0 0.0 0.0
   G 0.0 0.0 0.0 0.0 0.0 0.0 0.0 0.0 0.0
   Y 0.0 0.0 0.0 4.3 1.4 0.4 0.0 0.0 0.0
   A 0.0 0.0 0.0 0.0 0.0 0.0 0.0 0.0 0.0
   V 0.0 0.0 0.0 0.0 0.0 0.0 0.0 0.0 0.0
   I 0.0 0.0 0.0 0.0 0.0 0.0 0.0 0.0 0.0
   L 0.0 0.0 0.0 0.0 0.0 0.0 0.0 0.0 0.0
   M 0.0 0.0 0.0 0.0 0.0 0.0 0.0 0.0 0.0
   F 0.0 0.0 0.0 0.0 0.0 0.0 0.0 0.0 0.0
   W 0.0 0.0 0.0 0.0 0.0 0.0 0.0 0.0 0.0
   P 0.0 0.0 0.0 0.0 0.0 0.0 0.0 0.0 0.0

segname PROD -- Pep contact Map : frame 78
  --   1   2   3   4   5   6   7   8   9
  --   S   L   F   N   T   I   A   V   L
   R 0.0 0.0 0.0 2.3 3.6 0.0 0.0 0.0 0.0
   H 0.0 0.0 0.0 0.0 0.0 0.0 0.0 0.0 0.0
   K 0.0 0.0 0.0 0.0 0.0 0.0 0.0 0.0 0.0
   D 0.0 0.0 0.0 0.0 0.0 0.0 0.0 0.0 0.0
   E 0.0 0.0 0.0 0.0 0.0 0.0 0.0 0.0 0.0
   S 0.0 0.0 0.0 0.0 0.0 0.0 0.0 0.0 0.0
   T 0.0 0.0 0.0 0.0 0.0 0.0 0.0 0.0 0.0
   N 0.0 0.0 1.2 1.1 0.0 0.0 0.0 0.0 0.0
   Q 0.0 0.0 0.9 3.4 1.4 0.0 0.0 0.0 0.0
   C 0.0 0.0 0.0 0.0 0.0 0.0 0.0 0.0 0.0
   G 0.0 0.0 0.0 0.0 0.0 0.0 0.0 0.0 0.0
   Y 0.0 0.0 0.0 4.2 1.4 0.4 0.0 0.0 0.0
   A 0.0 0.0 0.0 0.0 0.0 0.0 0.0 0.0 0.0
   V 0.0 0.0 0.0 0.0 0.0 0.0 0.0 0.0 0.0
   I 0.0 0.0 0.0 0.0 0.0 0.0 0.0 0.0 0.0
   L 0.0 0.0 0.0 0.0 0.0 0.0 0.0 0.0 0.0
   M 0.0 0.0 0.0 0.0 0.0 0.0 0.0 0.0 0.0
   F 0.0 0.0 0.0 0.0 0.0 0.0 0.0 0.0 0.0
   W 0.0 0.0 0.0 0.0 0.0 0.0 0.0 0.0 0.0
   P 0.0 0.0 0.0 0.0 0.0 0.0 0.0 0.0 0.0

segname PROD -- Pep contact Map : frame 79
  --   1   2   3   4   5   6   7   8   9
  --   S   L   F   N   T   I   A   V   L
   R 0.0 0.0 0.0 2.3 3.6 0.0 0.0 0.0 0.0
   H 0.0 0.0 0.0 0.0 0.0 0.0 0.0 0.0 0.0
   K 0.0 0.0 0.0 0.0 0.0 0.0 0.0 0.0 0.0
   D 0.0 0.0 0.0 0.0 0.0 0.0 0.0 0.0 0.0
   E 0.0 0.0 0.0 0.0 0.0 0.0 0.0 0.0 0.0
   S 0.0 0.0 0.0 0.0 0.0 0.0 0.0 0.0 0.0
   T 0.0 0.0 0.0 0.0 0.0 0.0 0.0 0.0 0.0
   N 0.0 0.0 1.2 1.1 0.0 0.0 0.0 0.0 0.0
   Q 0.0 0.0 0.9 3.4 1.4 0.0 0.0 0.0 0.0
   C 0.0 0.0 0.0 0.0 0.0 0.0 0.0 0.0 0.0
   G 0.0 0.0 0.0 0.0 0.0 0.0 0.0 0.0 0.0
   Y 0.0 0.0 0.0 4.2 1.4 0.4 0.0 0.0 0.0
   A 0.0 0.0 0.0 0.0 0.0 0.0 0.0 0.0 0.0
   V 0.0 0.0 0.0 0.0 0.0 0.0 0.0 0.0 0.0
   I 0.0 0.0 0.0 0.0 0.0 0.0 0.0 0.0 0.0
   L 0.0 0.0 0.0 0.0 0.0 0.0 0.0 0.0 0.0
   M 0.0 0.0 0.0 0.0 0.0 0.0 0.0 0.0 0.0
   F 0.0 0.0 0.0 0.0 0.0 0.0 0.0 0.0 0.0
   W 0.0 0.0 0.0 0.0 0.0 0.0 0.0 0.0 0.0
   P 0.0 0.0 0.0 0.0 0.0 0.0 0.0 0.0 0.0

segname PROD -- Pep contact Map : frame 80
  --   1   2   3   4   5   6   7   8   9
  --   S   L   F   N   T   I   A   V   L
   R 0.0 0.0 0.0 2.4 3.6 0.0 0.0 0.0 0.0
   H 0.0 0.0 0.0 0.0 0.0 0.0 0.0 0.0 0.0
   K 0.0 0.0 0.0 0.0 0.0 0.0 0.0 0.0 0.0
   D 0.0 0.0 0.0 0.0 0.0 0.0 0.0 0.0 0.0
   E 0.0 0.0 0.0 0.0 0.0 0.0 0.0 0.0 0.0
   S 0.0 0.0 0.0 0.0 0.0 0.0 0.0 0.0 0.0
   T 0.0 0.0 0.0 0.0 0.0 0.0 0.0 0.0 0.0
   N 0.0 0.0 1.2 1.1 0.0 0.0 0.0 0.0 0.0
   Q 0.0 0.0 0.9 3.3 1.4 0.0 0.0 0.0 0.0
   C 0.0 0.0 0.0 0.0 0.0 0.0 0.0 0.0 0.0
   G 0.0 0.0 0.0 0.0 0.0 0.0 0.0 0.0 0.0
   Y 0.0 0.0 0.0 4.2 1.4 0.4 0.0 0.0 0.0
   A 0.0 0.0 0.0 0.0 0.0 0.0 0.0 0.0 0.0
   V 0.0 0.0 0.0 0.0 0.0 0.0 0.0 0.0 0.0
   I 0.0 0.0 0.0 0.0 0.0 0.0 0.0 0.0 0.0
   L 0.0 0.0 0.0 0.0 0.0 0.0 0.0 0.0 0.0
   M 0.0 0.0 0.0 0.0 0.0 0.0 0.0 0.0 0.0
   F 0.0 0.0 0.0 0.0 0.0 0.0 0.0 0.0 0.0
   W 0.0 0.0 0.0 0.0 0.0 0.0 0.0 0.0 0.0
   P 0.0 0.0 0.0 0.0 0.0 0.0 0.0 0.0 0.0

segname PROD -- Pep contact Map : frame 81
  --   1   2   3   4   5   6   7   8   9
  --   S   L   F   N   T   I   A   V   L
   R 0.0 0.0 0.0 2.4 3.6 0.0 0.0 0.0 0.0
   H 0.0 0.0 0.0 0.0 0.0 0.0 0.0 0.0 0.0
   K 0.0 0.0 0.0 0.0 0.0 0.0 0.0 0.0 0.0
   D 0.0 0.0 0.0 0.0 0.0 0.0 0.0 0.0 0.0
   E 0.0 0.0 0.0 0.0 0.0 0.0 0.0 0.0 0.0
   S 0.0 0.0 0.0 0.0 0.0 0.0 0.0 0.0 0.0
   T 0.0 0.0 0.0 0.0 0.0 0.0 0.0 0.0 0.0
   N 0.0 0.0 1.2 1.1 0.0 0.0 0.0 0.0 0.0
   Q 0.0 0.0 0.9 3.3 1.4 0.0 0.0 0.0 0.0
   C 0.0 0.0 0.0 0.0 0.0 0.0 0.0 0.0 0.0
   G 0.0 0.0 0.0 0.0 0.0 0.0 0.0 0.0 0.0
   Y 0.0 0.0 0.0 4.2 1.4 0.4 0.0 0.0 0.0
   A 0.0 0.0 0.0 0.0 0.0 0.0 0.0 0.0 0.0
   V 0.0 0.0 0.0 0.0 0.0 0.0 0.0 0.0 0.0
   I 0.0 0.0 0.0 0.0 0.0 0.0 0.0 0.0 0.0
   L 0.0 0.0 0.0 0.0 0.0 0.0 0.0 0.0 0.0
   M 0.0 0.0 0.0 0.0 0.0 0.0 0.0 0.0 0.0
   F 0.0 0.0 0.0 0.0 0.0 0.0 0.0 0.0 0.0
   W 0.0 0.0 0.0 0.0 0.0 0.0 0.0 0.0 0.0
   P 0.0 0.0 0.0 0.0 0.0 0.0 0.0 0.0 0.0

segname PROD -- Pep contact Map : frame 82
  --   1   2   3   4   5   6   7   8   9
  --   S   L   F   N   T   I   A   V   L
   R 0.0 0.0 0.0 2.4 3.6 0.0 0.0 0.0 0.0
   H 0.0 0.0 0.0 0.0 0.0 0.0 0.0 0.0 0.0
   K 0.0 0.0 0.0 0.0 0.0 0.0 0.0 0.0 0.0
   D 0.0 0.0 0.0 0.0 0.0 0.0 0.0 0.0 0.0
   E 0.0 0.0 0.0 0.0 0.0 0.0 0.0 0.0 0.0
   S 0.0 0.0 0.0 0.0 0.0 0.0 0.0 0.0 0.0
   T 0.0 0.0 0.0 0.0 0.0 0.0 0.0 0.0 0.0
   N 0.0 0.0 1.2 1.1 0.0 0.0 0.0 0.0 0.0
   Q 0.0 0.0 0.9 3.3 1.4 0.0 0.0 0.0 0.0
   C 0.0 0.0 0.0 0.0 0.0 0.0 0.0 0.0 0.0
   G 0.0 0.0 0.0 0.0 0.0 0.0 0.0 0.0 0.0
   Y 0.0 0.0 0.0 4.1 1.4 0.3 0.0 0.0 0.0
   A 0.0 0.0 0.0 0.0 0.0 0.0 0.0 0.0 0.0
   V 0.0 0.0 0.0 0.0 0.0 0.0 0.0 0.0 0.0
   I 0.0 0.0 0.0 0.0 0.0 0.0 0.0 0.0 0.0
   L 0.0 0.0 0.0 0.0 0.0 0.0 0.0 0.0 0.0
   M 0.0 0.0 0.0 0.0 0.0 0.0 0.0 0.0 0.0
   F 0.0 0.0 0.0 0.0 0.0 0.0 0.0 0.0 0.0
   W 0.0 0.0 0.0 0.0 0.0 0.0 0.0 0.0 0.0
   P 0.0 0.0 0.0 0.0 0.0 0.0 0.0 0.0 0.0

segname PROD -- Pep contact Map : frame 83
  --   1   2   3   4   5   6   7   8   9
  --   S   L   F   N   T   I   A   V   L
   R 0.0 0.0 0.0 2.4 3.6 0.0 0.0 0.0 0.0
   H 0.0 0.0 0.0 0.0 0.0 0.0 0.0 0.0 0.0
   K 0.0 0.0 0.0 0.0 0.0 0.0 0.0 0.0 0.0
   D 0.0 0.0 0.0 0.0 0.0 0.0 0.0 0.0 0.0
   E 0.0 0.0 0.0 0.0 0.0 0.0 0.0 0.0 0.0
   S 0.0 0.0 0.0 0.0 0.0 0.0 0.0 0.0 0.0
   T 0.0 0.0 0.0 0.0 0.0 0.0 0.0 0.0 0.0
   N 0.0 0.0 1.2 1.1 0.0 0.0 0.0 0.0 0.0
   Q 0.0 0.0 0.9 3.2 1.4 0.0 0.0 0.0 0.0
   C 0.0 0.0 0.0 0.0 0.0 0.0 0.0 0.0 0.0
   G 0.0 0.0 0.0 0.0 0.0 0.0 0.0 0.0 0.0
   Y 0.0 0.0 0.0 4.1 1.5 0.3 0.0 0.0 0.0
   A 0.0 0.0 0.0 0.0 0.0 0.0 0.0 0.0 0.0
   V 0.0 0.0 0.0 0.0 0.0 0.0 0.0 0.0 0.0
   I 0.0 0.0 0.0 0.0 0.0 0.0 0.0 0.0 0.0
   L 0.0 0.0 0.0 0.0 0.0 0.0 0.0 0.0 0.0
   M 0.0 0.0 0.0 0.0 0.0 0.0 0.0 0.0 0.0
   F 0.0 0.0 0.0 0.0 0.0 0.0 0.0 0.0 0.0
   W 0.0 0.0 0.0 0.0 0.0 0.0 0.0 0.0 0.0
   P 0.0 0.0 0.0 0.0 0.0 0.0 0.0 0.0 0.0

segname PROD -- Pep contact Map : frame 84
  --   1   2   3   4   5   6   7   8   9
  --   S   L   F   N   T   I   A   V   L
   R 0.0 0.0 0.0 2.4 3.6 0.0 0.0 0.0 0.0
   H 0.0 0.0 0.0 0.0 0.0 0.0 0.0 0.0 0.0
   K 0.0 0.0 0.0 0.0 0.0 0.0 0.0 0.0 0.0
   D 0.0 0.0 0.0 0.0 0.0 0.0 0.0 0.0 0.0
   E 0.0 0.0 0.0 0.0 0.0 0.0 0.0 0.0 0.0
   S 0.0 0.0 0.0 0.0 0.0 0.0 0.0 0.0 0.0
   T 0.0 0.0 0.0 0.0 0.0 0.0 0.0 0.0 0.0
   N 0.0 0.0 1.3 1.1 0.0 0.0 0.0 0.0 0.0
   Q 0.0 0.0 0.9 3.2 1.3 0.0 0.0 0.0 0.0
   C 0.0 0.0 0.0 0.0 0.0 0.0 0.0 0.0 0.0
   G 0.0 0.0 0.0 0.0 0.0 0.0 0.0 0.0 0.0
   Y 0.0 0.0 0.0 4.1 1.5 0.3 0.0 0.0 0.0
   A 0.0 0.0 0.0 0.0 0.0 0.0 0.0 0.0 0.0
   V 0.0 0.0 0.0 0.0 0.0 0.0 0.0 0.0 0.0
   I 0.0 0.0 0.0 0.0 0.0 0.0 0.0 0.0 0.0
   L 0.0 0.0 0.0 0.0 0.0 0.0 0.0 0.0 0.0
   M 0.0 0.0 0.0 0.0 0.0 0.0 0.0 0.0 0.0
   F 0.0 0.0 0.0 0.0 0.0 0.0 0.0 0.0 0.0
   W 0.0 0.0 0.0 0.0 0.0 0.0 0.0 0.0 0.0
   P 0.0 0.0 0.0 0.0 0.0 0.0 0.0 0.0 0.0

segname PROD -- Pep contact Map : frame 85
  --   1   2   3   4   5   6   7   8   9
  --   S   L   F   N   T   I   A   V   L
   R 0.0 0.0 0.0 2.4 3.5 0.0 0.0 0.0 0.0
   H 0.0 0.0 0.0 0.0 0.0 0.0 0.0 0.0 0.0
   K 0.0 0.0 0.0 0.0 0.0 0.0 0.0 0.0 0.0
   D 0.0 0.0 0.0 0.0 0.0 0.0 0.0 0.0 0.0
   E 0.0 0.0 0.0 0.0 0.0 0.0 0.0 0.0 0.0
   S 0.0 0.0 0.0 0.0 0.0 0.0 0.0 0.0 0.0
   T 0.0 0.0 0.0 0.0 0.0 0.0 0.0 0.0 0.0
   N 0.0 0.0 1.3 1.1 0.0 0.0 0.0 0.0 0.0
   Q 0.0 0.0 1.0 3.1 1.3 0.0 0.0 0.0 0.0
   C 0.0 0.0 0.0 0.0 0.0 0.0 0.0 0.0 0.0
   G 0.0 0.0 0.0 0.0 0.0 0.0 0.0 0.0 0.0
   Y 0.0 0.0 0.0 4.0 1.5 0.3 0.0 0.0 0.0
   A 0.0 0.0 0.0 0.0 0.0 0.0 0.0 0.0 0.0
   V 0.0 0.0 0.0 0.0 0.0 0.0 0.0 0.0 0.0
   I 0.0 0.0 0.0 0.0 0.0 0.0 0.0 0.0 0.0
   L 0.0 0.0 0.0 0.0 0.0 0.0 0.0 0.0 0.0
   M 0.0 0.0 0.0 0.0 0.0 0.0 0.0 0.0 0.0
   F 0.0 0.0 0.0 0.0 0.0 0.0 0.0 0.0 0.0
   W 0.0 0.0 0.0 0.0 0.0 0.0 0.0 0.0 0.0
   P 0.0 0.0 0.0 0.0 0.0 0.0 0.0 0.0 0.0

segname PROD -- Pep contact Map : frame 86
  --   1   2   3   4   5   6   7   8   9
  --   S   L   F   N   T   I   A   V   L
   R 0.0 0.0 0.0 2.4 3.5 0.0 0.0 0.0 0.0
   H 0.0 0.0 0.0 0.0 0.0 0.0 0.0 0.0 0.0
   K 0.0 0.0 0.0 0.0 0.0 0.0 0.0 0.0 0.0
   D 0.0 0.0 0.0 0.0 0.0 0.0 0.0 0.0 0.0
   E 0.0 0.0 0.0 0.0 0.0 0.0 0.0 0.0 0.0
   S 0.0 0.0 0.0 0.0 0.0 0.0 0.0 0.0 0.0
   T 0.0 0.0 0.0 0.0 0.0 0.0 0.0 0.0 0.0
   N 0.0 0.0 1.3 1.1 0.0 0.0 0.0 0.0 0.0
   Q 0.0 0.0 1.0 3.1 1.3 0.0 0.0 0.0 0.0
   C 0.0 0.0 0.0 0.0 0.0 0.0 0.0 0.0 0.0
   G 0.0 0.0 0.0 0.0 0.0 0.0 0.0 0.0 0.0
   Y 0.0 0.0 0.0 4.0 1.5 0.3 0.0 0.0 0.0
   A 0.0 0.0 0.0 0.0 0.0 0.0 0.0 0.0 0.0
   V 0.0 0.0 0.0 0.0 0.0 0.0 0.0 0.0 0.0
   I 0.0 0.0 0.0 0.0 0.0 0.0 0.0 0.0 0.0
   L 0.0 0.0 0.0 0.0 0.0 0.0 0.0 0.0 0.0
   M 0.0 0.0 0.0 0.0 0.0 0.0 0.0 0.0 0.0
   F 0.0 0.0 0.0 0.0 0.0 0.0 0.0 0.0 0.0
   W 0.0 0.0 0.0 0.0 0.0 0.0 0.0 0.0 0.0
   P 0.0 0.0 0.0 0.0 0.0 0.0 0.0 0.0 0.0

segname PROD -- Pep contact Map : frame 87
  --   1   2   3   4   5   6   7   8   9
  --   S   L   F   N   T   I   A   V   L
   R 0.0 0.0 0.0 2.4 3.5 0.0 0.0 0.0 0.0
   H 0.0 0.0 0.0 0.0 0.0 0.0 0.0 0.0 0.0
   K 0.0 0.0 0.0 0.0 0.0 0.0 0.0 0.0 0.0
   D 0.0 0.0 0.0 0.0 0.0 0.0 0.0 0.0 0.0
   E 0.0 0.0 0.0 0.0 0.0 0.0 0.0 0.0 0.0
   S 0.0 0.0 0.0 0.0 0.0 0.0 0.0 0.0 0.0
   T 0.0 0.0 0.0 0.0 0.0 0.0 0.0 0.0 0.0
   N 0.0 0.0 1.3 1.1 0.0 0.0 0.0 0.0 0.0
   Q 0.0 0.0 1.0 3.1 1.3 0.0 0.0 0.0 0.0
   C 0.0 0.0 0.0 0.0 0.0 0.0 0.0 0.0 0.0
   G 0.0 0.0 0.0 0.0 0.0 0.0 0.0 0.0 0.0
   Y 0.0 0.0 0.0 4.0 1.5 0.3 0.0 0.0 0.0
   A 0.0 0.0 0.0 0.0 0.0 0.0 0.0 0.0 0.0
   V 0.0 0.0 0.0 0.0 0.0 0.0 0.0 0.0 0.0
   I 0.0 0.0 0.0 0.0 0.0 0.0 0.0 0.0 0.0
   L 0.0 0.0 0.0 0.0 0.0 0.0 0.0 0.0 0.0
   M 0.0 0.0 0.0 0.0 0.0 0.0 0.0 0.0 0.0
   F 0.0 0.0 0.0 0.0 0.0 0.0 0.0 0.0 0.0
   W 0.0 0.0 0.0 0.0 0.0 0.0 0.0 0.0 0.0
   P 0.0 0.0 0.0 0.0 0.0 0.0 0.0 0.0 0.0

segname PROD -- Pep contact Map : frame 88
  --   1   2   3   4   5   6   7   8   9
  --   S   L   F   N   T   I   A   V   L
   R 0.0 0.0 0.0 2.4 3.5 0.0 0.0 0.0 0.0
   H 0.0 0.0 0.0 0.0 0.0 0.0 0.0 0.0 0.0
   K 0.0 0.0 0.0 0.0 0.0 0.0 0.0 0.0 0.0
   D 0.0 0.0 0.0 0.0 0.0 0.0 0.0 0.0 0.0
   E 0.0 0.0 0.0 0.0 0.0 0.0 0.0 0.0 0.0
   S 0.0 0.0 0.0 0.0 0.0 0.0 0.0 0.0 0.0
   T 0.0 0.0 0.0 0.0 0.0 0.0 0.0 0.0 0.0
   N 0.0 0.0 1.3 1.1 0.0 0.0 0.0 0.0 0.0
   Q 0.0 0.0 1.0 3.0 1.3 0.0 0.0 0.0 0.0
   C 0.0 0.0 0.0 0.0 0.0 0.0 0.0 0.0 0.0
   G 0.0 0.0 0.0 0.0 0.0 0.0 0.0 0.0 0.0
   Y 0.0 0.0 0.0 4.0 1.5 0.3 0.0 0.0 0.0
   A 0.0 0.0 0.0 0.0 0.0 0.0 0.0 0.0 0.0
   V 0.0 0.0 0.0 0.0 0.0 0.0 0.0 0.0 0.0
   I 0.0 0.0 0.0 0.0 0.0 0.0 0.0 0.0 0.0
   L 0.0 0.0 0.0 0.0 0.0 0.0 0.0 0.0 0.0
   M 0.0 0.0 0.0 0.0 0.0 0.0 0.0 0.0 0.0
   F 0.0 0.0 0.0 0.0 0.0 0.0 0.0 0.0 0.0
   W 0.0 0.0 0.0 0.0 0.0 0.0 0.0 0.0 0.0
   P 0.0 0.0 0.0 0.0 0.0 0.0 0.0 0.0 0.0

segname PROD -- Pep contact Map : frame 89
  --   1   2   3   4   5   6   7   8   9
  --   S   L   F   N   T   I   A   V   L
   R 0.0 0.0 0.0 2.4 3.5 0.0 0.0 0.0 0.0
   H 0.0 0.0 0.0 0.0 0.0 0.0 0.0 0.0 0.0
   K 0.0 0.0 0.0 0.0 0.0 0.0 0.0 0.0 0.0
   D 0.0 0.0 0.0 0.0 0.0 0.0 0.0 0.0 0.0
   E 0.0 0.0 0.0 0.0 0.0 0.0 0.0 0.0 0.0
   S 0.0 0.0 0.0 0.0 0.0 0.0 0.0 0.0 0.0
   T 0.0 0.0 0.0 0.0 0.0 0.0 0.0 0.0 0.0
   N 0.0 0.0 1.3 1.1 0.0 0.0 0.0 0.0 0.0
   Q 0.0 0.0 0.9 3.0 1.3 0.0 0.0 0.0 0.0
   C 0.0 0.0 0.0 0.0 0.0 0.0 0.0 0.0 0.0
   G 0.0 0.0 0.0 0.0 0.0 0.0 0.0 0.0 0.0
   Y 0.0 0.0 0.0 4.0 1.5 0.3 0.0 0.0 0.0
   A 0.0 0.0 0.0 0.0 0.0 0.0 0.0 0.0 0.0
   V 0.0 0.0 0.0 0.0 0.0 0.0 0.0 0.0 0.0
   I 0.0 0.0 0.0 0.0 0.0 0.0 0.0 0.0 0.0
   L 0.0 0.0 0.0 0.0 0.0 0.0 0.0 0.0 0.0
   M 0.0 0.0 0.0 0.0 0.0 0.0 0.0 0.0 0.0
   F 0.0 0.0 0.0 0.0 0.0 0.0 0.0 0.0 0.0
   W 0.0 0.0 0.0 0.0 0.0 0.0 0.0 0.0 0.0
   P 0.0 0.0 0.0 0.0 0.0 0.0 0.0 0.0 0.0

segname PROD -- Pep contact Map : frame 90
  --   1   2   3   4   5   6   7   8   9
  --   S   L   F   N   T   I   A   V   L
   R 0.0 0.0 0.0 2.4 3.5 0.0 0.0 0.0 0.0
   H 0.0 0.0 0.0 0.0 0.0 0.0 0.0 0.0 0.0
   K 0.0 0.0 0.0 0.0 0.0 0.0 0.0 0.0 0.0
   D 0.0 0.0 0.0 0.0 0.0 0.0 0.0 0.0 0.0
   E 0.0 0.0 0.0 0.0 0.0 0.0 0.0 0.0 0.0
   S 0.0 0.0 0.0 0.0 0.0 0.0 0.0 0.0 0.0
   T 0.0 0.0 0.0 0.0 0.0 0.0 0.0 0.0 0.0
   N 0.0 0.0 1.3 1.1 0.0 0.0 0.0 0.0 0.0
   Q 0.0 0.0 0.9 3.0 1.3 0.0 0.0 0.0 0.0
   C 0.0 0.0 0.0 0.0 0.0 0.0 0.0 0.0 0.0
   G 0.0 0.0 0.0 0.0 0.0 0.0 0.0 0.0 0.0
   Y 0.0 0.0 0.0 4.0 1.5 0.3 0.0 0.0 0.0
   A 0.0 0.0 0.0 0.0 0.0 0.0 0.0 0.0 0.0
   V 0.0 0.0 0.0 0.0 0.0 0.0 0.0 0.0 0.0
   I 0.0 0.0 0.0 0.0 0.0 0.0 0.0 0.0 0.0
   L 0.0 0.0 0.0 0.0 0.0 0.0 0.0 0.0 0.0
   M 0.0 0.0 0.0 0.0 0.0 0.0 0.0 0.0 0.0
   F 0.0 0.0 0.0 0.0 0.0 0.0 0.0 0.0 0.0
   W 0.0 0.0 0.0 0.0 0.0 0.0 0.0 0.0 0.0
   P 0.0 0.0 0.0 0.0 0.0 0.0 0.0 0.0 0.0

segname PROD -- Pep contact Map : frame 91
  --   1   2   3   4   5   6   7   8   9
  --   S   L   F   N   T   I   A   V   L
   R 0.0 0.0 0.0 2.5 3.5 0.0 0.0 0.0 0.0
   H 0.0 0.0 0.0 0.0 0.0 0.0 0.0 0.0 0.0
   K 0.0 0.0 0.0 0.0 0.0 0.0 0.0 0.0 0.0
   D 0.0 0.0 0.0 0.0 0.0 0.0 0.0 0.0 0.0
   E 0.0 0.0 0.0 0.0 0.0 0.0 0.0 0.0 0.0
   S 0.0 0.0 0.0 0.0 0.0 0.0 0.0 0.0 0.0
   T 0.0 0.0 0.0 0.0 0.0 0.0 0.0 0.0 0.0
   N 0.0 0.0 1.4 1.1 0.0 0.0 0.0 0.0 0.0
   Q 0.0 0.0 0.9 2.9 1.2 0.0 0.0 0.0 0.0
   C 0.0 0.0 0.0 0.0 0.0 0.0 0.0 0.0 0.0
   G 0.0 0.0 0.0 0.0 0.0 0.0 0.0 0.0 0.0
   Y 0.0 0.0 0.0 4.0 1.5 0.3 0.0 0.0 0.0
   A 0.0 0.0 0.0 0.0 0.0 0.0 0.0 0.0 0.0
   V 0.0 0.0 0.0 0.0 0.0 0.0 0.0 0.0 0.0
   I 0.0 0.0 0.0 0.0 0.0 0.0 0.0 0.0 0.0
   L 0.0 0.0 0.0 0.0 0.0 0.0 0.0 0.0 0.0
   M 0.0 0.0 0.0 0.0 0.0 0.0 0.0 0.0 0.0
   F 0.0 0.0 0.0 0.0 0.0 0.0 0.0 0.0 0.0
   W 0.0 0.0 0.0 0.0 0.0 0.0 0.0 0.0 0.0
   P 0.0 0.0 0.0 0.0 0.0 0.0 0.0 0.0 0.0

segname PROD -- Pep contact Map : frame 92
  --   1   2   3   4   5   6   7   8   9
  --   S   L   F   N   T   I   A   V   L
   R 0.0 0.0 0.0 2.5 3.5 0.0 0.0 0.0 0.0
   H 0.0 0.0 0.0 0.0 0.0 0.0 0.0 0.0 0.0
   K 0.0 0.0 0.0 0.0 0.0 0.0 0.0 0.0 0.0
   D 0.0 0.0 0.0 0.0 0.0 0.0 0.0 0.0 0.0
   E 0.0 0.0 0.0 0.0 0.0 0.0 0.0 0.0 0.0
   S 0.0 0.0 0.0 0.0 0.0 0.0 0.0 0.0 0.0
   T 0.0 0.0 0.0 0.0 0.0 0.0 0.0 0.0 0.0
   N 0.0 0.0 1.4 1.1 0.0 0.0 0.0 0.0 0.0
   Q 0.0 0.0 0.9 2.9 1.2 0.0 0.0 0.0 0.0
   C 0.0 0.0 0.0 0.0 0.0 0.0 0.0 0.0 0.0
   G 0.0 0.0 0.0 0.0 0.0 0.0 0.0 0.0 0.0
   Y 0.0 0.0 0.0 3.9 1.5 0.3 0.0 0.0 0.0
   A 0.0 0.0 0.0 0.0 0.0 0.0 0.0 0.0 0.0
   V 0.0 0.0 0.0 0.0 0.0 0.0 0.0 0.0 0.0
   I 0.0 0.0 0.0 0.0 0.0 0.0 0.0 0.0 0.0
   L 0.0 0.0 0.0 0.0 0.0 0.0 0.0 0.0 0.0
   M 0.0 0.0 0.0 0.0 0.0 0.0 0.0 0.0 0.0
   F 0.0 0.0 0.0 0.0 0.0 0.0 0.0 0.0 0.0
   W 0.0 0.0 0.0 0.0 0.0 0.0 0.0 0.0 0.0
   P 0.0 0.0 0.0 0.0 0.0 0.0 0.0 0.0 0.0

segname PROD -- Pep contact Map : frame 93
  --   1   2   3   4   5   6   7   8   9
  --   S   L   F   N   T   I   A   V   L
   R 0.0 0.0 0.0 2.5 3.5 0.0 0.0 0.0 0.0
   H 0.0 0.0 0.0 0.0 0.0 0.0 0.0 0.0 0.0
   K 0.0 0.0 0.0 0.0 0.0 0.0 0.0 0.0 0.0
   D 0.0 0.0 0.0 0.0 0.0 0.0 0.0 0.0 0.0
   E 0.0 0.0 0.0 0.0 0.0 0.0 0.0 0.0 0.0
   S 0.0 0.0 0.0 0.0 0.0 0.0 0.0 0.0 0.0
   T 0.0 0.0 0.0 0.0 0.0 0.0 0.0 0.0 0.0
   N 0.0 0.0 1.4 1.1 0.0 0.0 0.0 0.0 0.0
   Q 0.0 0.0 0.9 2.9 1.2 0.0 0.0 0.0 0.0
   C 0.0 0.0 0.0 0.0 0.0 0.0 0.0 0.0 0.0
   G 0.0 0.0 0.0 0.0 0.0 0.0 0.0 0.0 0.0
   Y 0.0 0.0 0.0 3.9 1.5 0.3 0.0 0.0 0.0
   A 0.0 0.0 0.0 0.0 0.0 0.0 0.0 0.0 0.0
   V 0.0 0.0 0.0 0.0 0.0 0.0 0.0 0.0 0.0
   I 0.0 0.0 0.0 0.0 0.0 0.0 0.0 0.0 0.0
   L 0.0 0.0 0.0 0.0 0.0 0.0 0.0 0.0 0.0
   M 0.0 0.0 0.0 0.0 0.0 0.0 0.0 0.0 0.0
   F 0.0 0.0 0.0 0.0 0.0 0.0 0.0 0.0 0.0
   W 0.0 0.0 0.0 0.0 0.0 0.0 0.0 0.0 0.0
   P 0.0 0.0 0.0 0.0 0.0 0.0 0.0 0.0 0.0

segname PROD -- Pep contact Map : frame 94
  --   1   2   3   4   5   6   7   8   9
  --   S   L   F   N   T   I   A   V   L
   R 0.0 0.0 0.0 2.5 3.5 0.0 0.0 0.0 0.0
   H 0.0 0.0 0.0 0.0 0.0 0.0 0.0 0.0 0.0
   K 0.0 0.0 0.0 0.0 0.0 0.0 0.0 0.0 0.0
   D 0.0 0.0 0.0 0.0 0.0 0.0 0.0 0.0 0.0
   E 0.0 0.0 0.0 0.0 0.0 0.0 0.0 0.0 0.0
   S 0.0 0.0 0.0 0.0 0.0 0.0 0.0 0.0 0.0
   T 0.0 0.0 0.0 0.0 0.0 0.0 0.0 0.0 0.0
   N 0.0 0.0 1.4 1.1 0.0 0.0 0.0 0.0 0.0
   Q 0.0 0.0 0.9 2.9 1.2 0.0 0.0 0.0 0.0
   C 0.0 0.0 0.0 0.0 0.0 0.0 0.0 0.0 0.0
   G 0.0 0.0 0.0 0.0 0.0 0.0 0.0 0.0 0.0
   Y 0.0 0.0 0.0 3.9 1.5 0.3 0.0 0.0 0.0
   A 0.0 0.0 0.0 0.0 0.0 0.0 0.0 0.0 0.0
   V 0.0 0.0 0.0 0.0 0.0 0.0 0.0 0.0 0.0
   I 0.0 0.0 0.0 0.0 0.0 0.0 0.0 0.0 0.0
   L 0.0 0.0 0.0 0.0 0.0 0.0 0.0 0.0 0.0
   M 0.0 0.0 0.0 0.0 0.0 0.0 0.0 0.0 0.0
   F 0.0 0.0 0.0 0.0 0.0 0.0 0.0 0.0 0.0
   W 0.0 0.0 0.0 0.0 0.0 0.0 0.0 0.0 0.0
   P 0.0 0.0 0.0 0.0 0.0 0.0 0.0 0.0 0.0

segname PROD -- Pep contact Map : frame 95
  --   1   2   3   4   5   6   7   8   9
  --   S   L   F   N   T   I   A   V   L
   R 0.0 0.0 0.0 2.5 3.5 0.0 0.0 0.0 0.0
   H 0.0 0.0 0.0 0.0 0.0 0.0 0.0 0.0 0.0
   K 0.0 0.0 0.0 0.0 0.0 0.0 0.0 0.0 0.0
   D 0.0 0.0 0.0 0.0 0.0 0.0 0.0 0.0 0.0
   E 0.0 0.0 0.0 0.0 0.0 0.0 0.0 0.0 0.0
   S 0.0 0.0 0.0 0.0 0.0 0.0 0.0 0.0 0.0
   T 0.0 0.0 0.0 0.0 0.0 0.0 0.0 0.0 0.0
   N 0.0 0.0 1.4 1.1 0.0 0.0 0.0 0.0 0.0
   Q 0.0 0.0 0.9 2.8 1.2 0.0 0.0 0.0 0.0
   C 0.0 0.0 0.0 0.0 0.0 0.0 0.0 0.0 0.0
   G 0.0 0.0 0.0 0.0 0.0 0.0 0.0 0.0 0.0
   Y 0.0 0.0 0.0 3.9 1.6 0.3 0.0 0.0 0.0
   A 0.0 0.0 0.0 0.0 0.0 0.0 0.0 0.0 0.0
   V 0.0 0.0 0.0 0.0 0.0 0.0 0.0 0.0 0.0
   I 0.0 0.0 0.0 0.0 0.0 0.0 0.0 0.0 0.0
   L 0.0 0.0 0.0 0.0 0.0 0.0 0.0 0.0 0.0
   M 0.0 0.0 0.0 0.0 0.0 0.0 0.0 0.0 0.0
   F 0.0 0.0 0.0 0.0 0.0 0.0 0.0 0.0 0.0
   W 0.0 0.0 0.0 0.0 0.0 0.0 0.0 0.0 0.0
   P 0.0 0.0 0.0 0.0 0.0 0.0 0.0 0.0 0.0

segname PROD -- Pep contact Map : frame 96
  --   1   2   3   4   5   6   7   8   9
  --   S   L   F   N   T   I   A   V   L
   R 0.0 0.0 0.0 2.5 3.5 0.0 0.0 0.0 0.0
   H 0.0 0.0 0.0 0.0 0.0 0.0 0.0 0.0 0.0
   K 0.0 0.0 0.0 0.0 0.0 0.0 0.0 0.0 0.0
   D 0.0 0.0 0.0 0.0 0.0 0.0 0.0 0.0 0.0
   E 0.0 0.0 0.0 0.0 0.0 0.0 0.0 0.0 0.0
   S 0.0 0.0 0.0 0.0 0.0 0.0 0.0 0.0 0.0
   T 0.0 0.0 0.0 0.0 0.0 0.0 0.0 0.0 0.0
   N 0.0 0.0 1.4 1.1 0.0 0.0 0.0 0.0 0.0
   Q 0.0 0.0 0.9 2.8 1.2 0.0 0.0 0.0 0.0
   C 0.0 0.0 0.0 0.0 0.0 0.0 0.0 0.0 0.0
   G 0.0 0.0 0.0 0.0 0.0 0.0 0.0 0.0 0.0
   Y 0.0 0.0 0.0 3.9 1.6 0.3 0.0 0.0 0.0
   A 0.0 0.0 0.0 0.0 0.0 0.0 0.0 0.0 0.0
   V 0.0 0.0 0.0 0.0 0.0 0.0 0.0 0.0 0.0
   I 0.0 0.0 0.0 0.0 0.0 0.0 0.0 0.0 0.0
   L 0.0 0.0 0.0 0.0 0.0 0.0 0.0 0.0 0.0
   M 0.0 0.0 0.0 0.0 0.0 0.0 0.0 0.0 0.0
   F 0.0 0.0 0.0 0.0 0.0 0.0 0.0 0.0 0.0
   W 0.0 0.0 0.0 0.0 0.0 0.0 0.0 0.0 0.0
   P 0.0 0.0 0.0 0.0 0.0 0.0 0.0 0.0 0.0

segname PROD -- Pep contact Map : frame 97
  --   1   2   3   4   5   6   7   8   9
  --   S   L   F   N   T   I   A   V   L
   R 0.0 0.0 0.0 2.5 3.5 0.0 0.0 0.0 0.0
   H 0.0 0.0 0.0 0.0 0.0 0.0 0.0 0.0 0.0
   K 0.0 0.0 0.0 0.0 0.0 0.0 0.0 0.0 0.0
   D 0.0 0.0 0.0 0.0 0.0 0.0 0.0 0.0 0.0
   E 0.0 0.0 0.0 0.0 0.0 0.0 0.0 0.0 0.0
   S 0.0 0.0 0.0 0.0 0.0 0.0 0.0 0.0 0.0
   T 0.0 0.0 0.0 0.0 0.0 0.0 0.0 0.0 0.0
   N 0.0 0.0 1.4 1.2 0.0 0.0 0.0 0.0 0.0
   Q 0.0 0.0 0.9 2.8 1.2 0.0 0.0 0.0 0.0
   C 0.0 0.0 0.0 0.0 0.0 0.0 0.0 0.0 0.0
   G 0.0 0.0 0.0 0.0 0.0 0.0 0.0 0.0 0.0
   Y 0.0 0.0 0.0 3.9 1.6 0.3 0.0 0.0 0.0
   A 0.0 0.0 0.0 0.0 0.0 0.0 0.0 0.0 0.0
   V 0.0 0.0 0.0 0.0 0.0 0.0 0.0 0.0 0.0
   I 0.0 0.0 0.0 0.0 0.0 0.0 0.0 0.0 0.0
   L 0.0 0.0 0.0 0.0 0.0 0.0 0.0 0.0 0.0
   M 0.0 0.0 0.0 0.0 0.0 0.0 0.0 0.0 0.0
   F 0.0 0.0 0.0 0.0 0.0 0.0 0.0 0.0 0.0
   W 0.0 0.0 0.0 0.0 0.0 0.0 0.0 0.0 0.0
   P 0.0 0.0 0.0 0.0 0.0 0.0 0.0 0.0 0.0

segname PROD -- Pep contact Map : frame 98
  --   1   2   3   4   5   6   7   8   9
  --   S   L   F   N   T   I   A   V   L
   R 0.0 0.0 0.0 2.5 3.5 0.0 0.0 0.0 0.0
   H 0.0 0.0 0.0 0.0 0.0 0.0 0.0 0.0 0.0
   K 0.0 0.0 0.0 0.0 0.0 0.0 0.0 0.0 0.0
   D 0.0 0.0 0.0 0.0 0.0 0.0 0.0 0.0 0.0
   E 0.0 0.0 0.0 0.0 0.0 0.0 0.0 0.0 0.0
   S 0.0 0.0 0.0 0.0 0.0 0.0 0.0 0.0 0.0
   T 0.0 0.0 0.0 0.0 0.0 0.0 0.0 0.0 0.0
   N 0.0 0.0 1.5 1.2 0.0 0.0 0.0 0.0 0.0
   Q 0.0 0.0 1.0 2.7 1.2 0.0 0.0 0.0 0.0
   C 0.0 0.0 0.0 0.0 0.0 0.0 0.0 0.0 0.0
   G 0.0 0.0 0.0 0.0 0.0 0.0 0.0 0.0 0.0
   Y 0.0 0.0 0.0 3.9 1.6 0.3 0.0 0.0 0.0
   A 0.0 0.0 0.0 0.0 0.0 0.0 0.0 0.0 0.0
   V 0.0 0.0 0.0 0.0 0.0 0.0 0.0 0.0 0.0
   I 0.0 0.0 0.0 0.0 0.0 0.0 0.0 0.0 0.0
   L 0.0 0.0 0.0 0.0 0.0 0.0 0.0 0.0 0.0
   M 0.0 0.0 0.0 0.0 0.0 0.0 0.0 0.0 0.0
   F 0.0 0.0 0.0 0.0 0.0 0.0 0.0 0.0 0.0
   W 0.0 0.0 0.0 0.0 0.0 0.0 0.0 0.0 0.0
   P 0.0 0.0 0.0 0.0 0.0 0.0 0.0 0.0 0.0

segname PROD -- Pep contact Map : frame 99
  --   1   2   3   4   5   6   7   8   9
  --   S   L   F   N   T   I   A   V   L
   R 0.0 0.0 0.0 2.5 3.5 0.0 0.0 0.0 0.0
   H 0.0 0.0 0.0 0.0 0.0 0.0 0.0 0.0 0.0
   K 0.0 0.0 0.0 0.0 0.0 0.0 0.0 0.0 0.0
   D 0.0 0.0 0.0 0.0 0.0 0.0 0.0 0.0 0.0
   E 0.0 0.0 0.0 0.0 0.0 0.0 0.0 0.0 0.0
   S 0.0 0.0 0.0 0.0 0.0 0.0 0.0 0.0 0.0
   T 0.0 0.0 0.0 0.0 0.0 0.0 0.0 0.0 0.0
   N 0.0 0.0 1.5 1.1 0.0 0.0 0.0 0.0 0.0
   Q 0.0 0.0 1.0 2.7 1.1 0.0 0.0 0.0 0.0
   C 0.0 0.0 0.0 0.0 0.0 0.0 0.0 0.0 0.0
   G 0.0 0.0 0.0 0.0 0.0 0.0 0.0 0.0 0.0
   Y 0.0 0.0 0.0 3.9 1.6 0.3 0.0 0.0 0.0
   A 0.0 0.0 0.0 0.0 0.0 0.0 0.0 0.0 0.0
   V 0.0 0.0 0.0 0.0 0.0 0.0 0.0 0.0 0.0
   I 0.0 0.0 0.0 0.0 0.0 0.0 0.0 0.0 0.0
   L 0.0 0.0 0.0 0.0 0.0 0.0 0.0 0.0 0.0
   M 0.0 0.0 0.0 0.0 0.0 0.0 0.0 0.0 0.0
   F 0.0 0.0 0.0 0.0 0.0 0.0 0.0 0.0 0.0
   W 0.0 0.0 0.0 0.0 0.0 0.0 0.0 0.0 0.0
   P 0.0 0.0 0.0 0.0 0.0 0.0 0.0 0.0 0.0

