segname PROD -- Pep contact Map : frame 1
  --   1   2   3   4   5   6   7   8   9
  --   S   L   F   N   T   I   A   V   L
   R 0.0 0.0 0.0 0.0 2.0 0.0 0.0 0.0 0.0
   H 0.0 0.0 0.0 0.0 0.0 0.0 0.0 0.0 0.0
   K 0.0 0.0 0.0 0.0 0.0 0.0 0.0 0.0 0.0
   D 0.0 0.0 0.0 0.0 0.0 0.0 0.0 0.0 0.0
   E 0.0 0.0 0.0 0.0 0.0 0.0 0.0 0.0 0.0
   S 0.0 0.0 0.0 1.5 0.0 0.0 0.0 0.0 0.0
   T 0.0 0.0 0.0 0.5 0.0 0.0 0.0 0.0 0.0
   N 0.0 0.0 0.0 1.0 0.0 0.0 0.0 0.0 0.0
   Q 0.0 0.0 0.0 2.5 1.5 0.0 0.0 0.0 0.0
   C 0.0 0.0 0.0 0.0 0.0 0.0 0.0 0.0 0.0
   G 0.0 0.0 0.0 1.5 0.0 0.0 0.0 0.0 0.0
   Y 0.0 0.0 0.0 2.0 1.0 0.0 0.0 0.0 0.0
   A 0.0 0.0 0.0 0.0 0.0 0.0 0.0 0.0 0.0
   V 0.0 0.0 0.0 0.0 0.0 0.0 0.0 0.0 0.0
   I 0.0 0.0 0.0 0.0 0.0 0.0 0.0 0.0 0.0
   L 0.0 0.0 0.0 0.0 0.0 0.0 0.0 0.0 0.0
   M 0.0 0.0 0.0 0.0 0.0 0.0 0.0 0.0 0.0
   F 0.0 0.0 0.0 0.0 0.0 0.0 0.0 0.0 0.0
   W 0.0 0.0 0.0 0.0 0.0 0.0 0.0 0.0 0.0
   P 0.0 0.0 0.0 0.0 0.0 0.0 0.0 0.0 0.0

segname PROD -- Pep contact Map : frame 2
  --   1   2   3   4   5   6   7   8   9
  --   S   L   F   N   T   I   A   V   L
   R 0.0 0.0 0.0 1.0 2.7 0.0 0.0 0.0 0.0
   H 0.0 0.0 0.0 0.0 0.0 0.0 0.0 0.0 0.0
   K 0.0 0.0 0.0 0.0 0.0 0.0 0.0 0.0 0.0
   D 0.0 0.0 0.0 0.0 0.0 0.0 0.0 0.0 0.0
   E 0.0 0.0 0.0 0.0 0.0 0.0 0.0 0.0 0.0
   S 0.0 0.0 0.0 1.0 0.0 0.0 0.0 0.0 0.0
   T 0.0 0.0 0.0 0.7 0.0 0.0 0.0 0.0 0.0
   N 0.0 1.0 1.0 2.0 0.0 0.0 0.0 0.0 0.0
   Q 0.0 0.0 0.3 3.3 1.7 0.0 0.0 0.0 0.0
   C 0.0 0.0 0.0 0.0 0.0 0.0 0.0 0.0 0.0
   G 0.0 0.0 0.0 2.3 0.0 0.0 0.0 0.0 0.0
   Y 0.0 0.0 0.0 4.0 1.0 0.3 0.0 0.0 0.0
   A 0.0 0.0 0.0 0.0 0.0 0.0 0.0 0.0 0.0
   V 0.0 0.0 0.0 0.0 0.0 0.0 0.0 0.0 0.0
   I 0.0 0.0 0.0 0.0 0.0 0.0 0.0 0.0 0.0
   L 0.0 0.0 0.0 0.0 0.0 0.0 0.0 0.0 0.0
   M 0.0 0.0 0.0 0.0 0.0 0.0 0.0 0.0 0.0
   F 0.0 0.0 0.0 0.0 0.0 0.0 0.0 0.0 0.0
   W 0.0 0.0 0.0 0.0 0.0 0.0 0.0 0.0 0.0
   P 0.0 0.0 0.0 0.0 0.0 0.0 0.0 0.0 0.0

segname PROD -- Pep contact Map : frame 3
  --   1   2   3   4   5   6   7   8   9
  --   S   L   F   N   T   I   A   V   L
   R 0.0 0.0 0.0 0.8 3.0 0.0 0.0 0.0 0.0
   H 0.0 0.0 0.0 0.0 0.0 0.0 0.0 0.0 0.0
   K 0.0 0.0 0.0 0.0 0.0 0.0 0.0 0.0 0.0
   D 0.0 0.0 0.0 0.0 0.0 0.0 0.0 0.0 0.0
   E 0.0 0.0 0.0 0.0 0.0 0.0 0.0 0.0 0.0
   S 0.0 0.0 0.0 0.8 0.0 0.0 0.0 0.0 0.0
   T 0.0 0.0 0.0 0.8 0.0 0.0 0.0 0.0 0.0
   N 0.2 1.0 0.8 2.5 0.0 0.0 0.0 0.0 0.0
   Q 0.0 0.0 0.2 3.8 1.5 0.0 0.0 0.0 0.0
   C 0.0 0.0 0.0 0.0 0.0 0.0 0.0 0.0 0.0
   G 0.0 0.0 0.0 2.2 0.0 0.0 0.0 0.0 0.0
   Y 0.0 0.0 0.0 4.0 1.2 0.5 0.0 0.0 0.0
   A 0.0 0.0 0.0 0.0 0.0 0.0 0.0 0.0 0.0
   V 0.0 0.0 0.0 0.0 0.0 0.0 0.0 0.0 0.0
   I 0.0 0.0 0.0 0.0 0.0 0.0 0.0 0.0 0.0
   L 0.0 0.0 0.0 0.0 0.0 0.0 0.0 0.0 0.0
   M 0.0 0.0 0.0 0.0 0.0 0.0 0.0 0.0 0.0
   F 0.0 0.0 0.0 0.0 0.0 0.0 0.0 0.0 0.0
   W 0.0 0.0 0.0 0.0 0.0 0.0 0.0 0.0 0.0
   P 0.0 0.0 0.0 0.0 0.0 0.0 0.0 0.0 0.0

segname PROD -- Pep contact Map : frame 4
  --   1   2   3   4   5   6   7   8   9
  --   S   L   F   N   T   I   A   V   L
   R 0.0 0.0 0.0 1.0 3.2 0.0 0.0 0.0 0.0
   H 0.0 0.0 0.0 0.0 0.0 0.0 0.0 0.0 0.0
   K 0.0 0.0 0.0 0.0 0.0 0.0 0.0 0.0 0.0
   D 0.0 0.0 0.0 0.0 0.0 0.0 0.0 0.0 0.0
   E 0.0 0.0 0.0 0.0 0.0 0.0 0.0 0.0 0.0
   S 0.0 0.0 0.0 0.6 0.0 0.0 0.0 0.0 0.0
   T 0.0 0.0 0.0 0.8 0.0 0.0 0.0 0.0 0.0
   N 0.4 1.0 1.2 2.8 0.0 0.0 0.0 0.0 0.0
   Q 0.0 0.0 0.4 4.0 1.8 0.0 0.0 0.0 0.0
   C 0.0 0.0 0.0 0.0 0.0 0.0 0.0 0.0 0.0
   G 0.0 0.0 0.0 2.6 0.0 0.0 0.0 0.0 0.0
   Y 0.0 0.0 0.0 4.0 1.4 0.4 0.0 0.0 0.0
   A 0.0 0.0 0.0 0.0 0.0 0.0 0.0 0.0 0.0
   V 0.0 0.0 0.0 0.0 0.0 0.0 0.0 0.0 0.0
   I 0.0 0.0 0.0 0.0 0.0 0.0 0.0 0.0 0.0
   L 0.0 0.0 0.0 0.0 0.0 0.0 0.0 0.0 0.0
   M 0.0 0.0 0.0 0.0 0.0 0.0 0.0 0.0 0.0
   F 0.0 0.0 0.0 0.0 0.0 0.0 0.0 0.0 0.0
   W 0.0 0.0 0.0 0.0 0.0 0.0 0.0 0.0 0.0
   P 0.0 0.0 0.0 0.0 0.0 0.0 0.0 0.0 0.0

segname PROD -- Pep contact Map : frame 5
  --   1   2   3   4   5   6   7   8   9
  --   S   L   F   N   T   I   A   V   L
   R 0.0 0.0 0.0 1.3 3.3 0.0 0.0 0.0 0.0
   H 0.0 0.0 0.0 0.0 0.0 0.0 0.0 0.0 0.0
   K 0.0 0.0 0.0 0.0 0.0 0.0 0.0 0.0 0.0
   D 0.0 0.0 0.0 0.0 0.0 0.0 0.0 0.0 0.0
   E 0.0 0.0 0.0 0.0 0.0 0.0 0.0 0.0 0.0
   S 0.0 0.0 0.0 0.5 0.0 0.0 0.0 0.0 0.0
   T 0.0 0.0 0.0 1.0 0.0 0.0 0.0 0.0 0.0
   N 0.5 1.5 1.5 3.5 0.0 0.0 0.0 0.0 0.0
   Q 0.0 0.0 0.7 4.0 2.0 0.0 0.0 0.0 0.0
   C 0.0 0.0 0.0 0.0 0.0 0.0 0.0 0.0 0.0
   G 0.0 0.0 0.0 2.8 0.0 0.0 0.0 0.0 0.0
   Y 0.0 0.0 0.0 4.5 1.3 0.7 0.0 0.0 0.0
   A 0.0 0.0 0.0 0.0 0.0 0.0 0.0 0.0 0.0
   V 0.0 0.0 0.0 0.0 0.0 0.0 0.0 0.0 0.0
   I 0.0 0.0 0.0 0.0 0.0 0.0 0.0 0.0 0.0
   L 0.0 0.0 0.0 0.0 0.0 0.0 0.0 0.0 0.0
   M 0.0 0.0 0.0 0.0 0.0 0.0 0.0 0.0 0.0
   F 0.0 0.0 0.0 0.0 0.0 0.0 0.0 0.0 0.0
   W 0.0 0.0 0.0 0.0 0.0 0.0 0.0 0.0 0.0
   P 0.0 0.0 0.0 0.0 0.0 0.0 0.0 0.0 0.0

segname PROD -- Pep contact Map : frame 6
  --   1   2   3   4   5   6   7   8   9
  --   S   L   F   N   T   I   A   V   L
   R 0.0 0.0 0.0 1.7 3.4 0.0 0.0 0.0 0.0
   H 0.0 0.0 0.0 0.0 0.0 0.0 0.0 0.0 0.0
   K 0.0 0.0 0.0 0.0 0.0 0.0 0.0 0.0 0.0
   D 0.0 0.0 0.0 0.0 0.0 0.0 0.0 0.0 0.0
   E 0.0 0.0 0.0 0.0 0.0 0.0 0.0 0.0 0.0
   S 0.0 0.0 0.0 0.7 0.0 0.0 0.0 0.0 0.0
   T 0.0 0.0 0.0 1.0 0.0 0.0 0.0 0.0 0.0
   N 0.6 1.7 1.7 3.4 0.0 0.0 0.0 0.0 0.0
   Q 0.0 0.0 0.9 3.6 1.7 0.0 0.0 0.0 0.0
   C 0.0 0.0 0.0 0.0 0.0 0.0 0.0 0.0 0.0
   G 0.0 0.0 0.0 3.0 0.0 0.0 0.0 0.0 0.0
   Y 0.0 0.0 0.0 5.0 1.4 0.6 0.0 0.0 0.0
   A 0.0 0.0 0.0 0.0 0.0 0.0 0.0 0.0 0.0
   V 0.0 0.0 0.0 0.0 0.0 0.0 0.0 0.0 0.0
   I 0.0 0.0 0.0 0.0 0.0 0.0 0.0 0.0 0.0
   L 0.0 0.0 0.0 0.0 0.0 0.0 0.0 0.0 0.0
   M 0.0 0.0 0.0 0.0 0.0 0.0 0.0 0.0 0.0
   F 0.0 0.0 0.0 0.0 0.0 0.0 0.0 0.0 0.0
   W 0.0 0.0 0.0 0.0 0.0 0.0 0.0 0.0 0.0
   P 0.0 0.0 0.0 0.0 0.0 0.0 0.0 0.0 0.0

segname PROD -- Pep contact Map : frame 7
  --   1   2   3   4   5   6   7   8   9
  --   S   L   F   N   T   I   A   V   L
   R 0.0 0.0 0.0 1.9 3.4 0.0 0.0 0.0 0.0
   H 0.0 0.0 0.0 0.0 0.0 0.0 0.0 0.0 0.0
   K 0.0 0.0 0.0 0.0 0.0 0.0 0.0 0.0 0.0
   D 0.0 0.0 0.0 0.0 0.0 0.0 0.0 0.0 0.0
   E 0.0 0.0 0.0 0.0 0.0 0.0 0.0 0.0 0.0
   S 0.0 0.0 0.0 1.1 0.0 0.0 0.0 0.0 0.0
   T 0.0 0.0 0.0 1.1 0.0 0.0 0.0 0.0 0.0
   N 0.5 1.9 1.9 3.8 0.0 0.0 0.0 0.0 0.0
   Q 0.0 0.0 0.9 3.1 1.5 0.0 0.0 0.0 0.0
   C 0.0 0.0 0.0 0.0 0.0 0.0 0.0 0.0 0.0
   G 0.0 0.0 0.0 3.1 0.0 0.0 0.0 0.0 0.0
   Y 0.0 0.0 0.0 4.8 1.6 0.5 0.0 0.0 0.0
   A 0.0 0.0 0.0 0.0 0.0 0.0 0.0 0.0 0.0
   V 0.0 0.0 0.0 0.0 0.0 0.0 0.0 0.0 0.0
   I 0.0 0.0 0.0 0.0 0.0 0.0 0.0 0.0 0.0
   L 0.0 0.0 0.0 0.0 0.0 0.0 0.0 0.0 0.0
   M 0.0 0.0 0.0 0.0 0.0 0.0 0.0 0.0 0.0
   F 0.0 0.0 0.0 0.0 0.0 0.0 0.0 0.0 0.0
   W 0.0 0.0 0.0 0.0 0.0 0.0 0.0 0.0 0.0
   P 0.0 0.0 0.0 0.0 0.0 0.0 0.0 0.0 0.0

segname PROD -- Pep contact Map : frame 8
  --   1   2   3   4   5   6   7   8   9
  --   S   L   F   N   T   I   A   V   L
   R 0.0 0.0 0.0 2.2 3.3 0.0 0.0 0.0 0.0
   H 0.0 0.0 0.0 0.0 0.0 0.0 0.0 0.0 0.0
   K 0.0 0.0 0.0 0.0 0.0 0.0 0.0 0.0 0.0
   D 0.0 0.0 0.0 0.0 0.0 0.0 0.0 0.0 0.0
   E 0.0 0.0 0.0 0.0 0.0 0.0 0.0 0.0 0.0
   S 0.0 0.0 0.0 1.3 0.0 0.0 0.0 0.0 0.0
   T 0.0 0.0 0.0 1.2 0.0 0.0 0.0 0.0 0.0
   N 0.6 2.0 2.0 3.9 0.0 0.0 0.0 0.0 0.0
   Q 0.0 0.0 0.9 2.8 1.3 0.0 0.0 0.0 0.0
   C 0.0 0.0 0.0 0.0 0.0 0.0 0.0 0.0 0.0
   G 0.0 0.0 0.0 3.2 0.0 0.0 0.0 0.0 0.0
   Y 0.0 0.0 0.0 4.7 1.7 0.4 0.0 0.0 0.0
   A 0.0 0.0 0.0 0.0 0.0 0.0 0.0 0.0 0.0
   V 0.0 0.0 0.0 0.0 0.0 0.0 0.0 0.0 0.0
   I 0.0 0.0 0.0 0.0 0.0 0.0 0.0 0.0 0.0
   L 0.0 0.0 0.0 0.0 0.0 0.0 0.0 0.0 0.0
   M 0.0 0.0 0.0 0.0 0.0 0.0 0.0 0.0 0.0
   F 0.0 0.0 0.0 0.0 0.0 0.0 0.0 0.0 0.0
   W 0.0 0.0 0.0 0.0 0.0 0.0 0.0 0.0 0.0
   P 0.0 0.0 0.0 0.0 0.0 0.0 0.0 0.0 0.0

segname PROD -- Pep contact Map : frame 9
  --   1   2   3   4   5   6   7   8   9
  --   S   L   F   N   T   I   A   V   L
   R 0.0 0.0 0.0 2.3 3.4 0.0 0.0 0.0 0.0
   H 0.0 0.0 0.0 0.0 0.0 0.0 0.0 0.0 0.0
   K 0.0 0.0 0.0 0.0 0.0 0.0 0.0 0.0 0.0
   D 0.0 0.0 0.0 0.0 0.0 0.0 0.0 0.0 0.0
   E 0.0 0.0 0.0 0.0 0.0 0.0 0.0 0.0 0.0
   S 0.0 0.0 0.0 1.5 0.0 0.0 0.0 0.0 0.0
   T 0.0 0.0 0.0 1.3 0.0 0.0 0.0 0.0 0.0
   N 0.6 2.1 2.1 4.0 0.0 0.0 0.0 0.0 0.0
   Q 0.0 0.0 0.9 2.6 1.2 0.0 0.0 0.0 0.0
   C 0.0 0.0 0.0 0.0 0.0 0.0 0.0 0.0 0.0
   G 0.0 0.0 0.0 3.3 0.0 0.0 0.0 0.0 0.0
   Y 0.0 0.0 0.0 4.8 1.8 0.4 0.0 0.0 0.0
   A 0.0 0.0 0.0 0.0 0.0 0.0 0.0 0.0 0.0
   V 0.0 0.0 0.0 0.0 0.0 0.0 0.0 0.0 0.0
   I 0.0 0.0 0.0 0.0 0.0 0.0 0.0 0.0 0.0
   L 0.0 0.0 0.0 0.0 0.0 0.0 0.0 0.0 0.0
   M 0.0 0.0 0.0 0.0 0.0 0.0 0.0 0.0 0.0
   F 0.0 0.0 0.0 0.0 0.0 0.0 0.0 0.0 0.0
   W 0.0 0.0 0.0 0.0 0.0 0.0 0.0 0.0 0.0
   P 0.0 0.0 0.0 0.0 0.0 0.0 0.0 0.0 0.0

